3.45155
1.91432
2.30116
2.32868
1.14244
-1.79909
0.17495
0.16088
-0.05469
-0.32774
0.62300
0.03032
0.11907
1.79239
2.45330
2.30990
-1.37769
-1.07827
1.67318
2.45717
1.07810
-1.69795
2.39577
1.93896
1.49851
2.20423
1.45705
1.11085
-0.45283
-2.03854
-3.24852
0.04066
-3.53566
-1.90782
-0.06399
0.76062
0.96890
-0.76256
6.15766
-0.03198
-0.26911
-0.16543
1.30431
-0.12704
0.02800
-0.52079
-1.17933
0.63587
2.42350
2.00798
1.97048
1.12422
0.05350
-2.48747
-1.51568
0.37148
2.17916
-1.60231
1.53579
1.38856
1.69101
0.82720
0.23923
0.35000
1.89839
-1.56058
-0.50353
0.96004
0.74968
1.30170
-1.90977
0.35629
-0.23860
-1.22390
2.19505
0.01797
-0.99698
-0.12048
0.00986
0.11139
2.40525
1.42977
0.53660
2.08726
0.20927
0.55333
0.27799
2.54512
1.91082
0.47877
1.23165
1.43069
-1.26383
-0.75292
1.99580
-0.75597
-2.29954
-1.21908
1.73576
2.05689
-0.68222
-0.94822
-0.91566
0.92709
-0.78146
-2.58812
-0.46650
0.31263
-0.80118
0.05739
-1.17328
-0.33552
0.60379
3.30352
1.31162
1.68367
0.94097
-1.11377
-1.37103
-1.66674
2.21582
-0.47985
-1.46754
-0.92509
-0.38150
2.01411
1.89079
-0.31573
-1.14555
-0.24722
0.32280
0.99691
1.35116
0.72630
-0.20924
-0.61221
-1.66924
2.12898
0.46239
0.33354
-1.84719
-0.33435
0.50553
2.20591
2.39768
0.67028
-0.56716
-2.30156
-0.19085
1.68933
-0.20226
0.29534
-1.49419
0.89327
1.81518
-0.73831
1.75115
2.48285
1.40337
0.67612
0.04061
-0.60983
-1.93559
-0.29533
-1.04277
0.51549
-0.03907
0.43806
1.32443
-0.69573
0.88617
-1.17946
-0.03216
0.84146
3.09738
3.11015
2.65085
1.80931
0.24580
1.74287
0.69794
-0.19557
-1.09851
-1.00853
2.67057
-0.33227
-2.67409
0.12671
0.53974
1.44537
4.98953
1.22985
2.58474
-1.22603
-2.05265
1.28304
1.30599
0.75189
0.51775
0.39093
1.28201
1.33193
-0.70905
1.57222
-1.10561
0.88082
1.64061
-2.70535
1.74657
2.27222
-2.00757
1.70598
0.46635
2.70267
-0.57255
-2.28439
-0.97221
2.02091
2.20425
1.11578
1.06637
-0.04191
-0.29961
-1.03845
0.34042
-0.09664
-0.85111
0.83996
0.22116
0.26428
-0.11344
1.66370
-0.61765
-2.79435
-1.13546
3.35906
2.57634
0.89344
0.54077
3.37268
4.03982
-0.86616
0.78725
-0.20004
-1.96348
-1.02441
0.87878
-1.42251
-1.48601
0.62434
2.08257
-1.58372
-1.06869
0.16694
-2.80534
-0.64387
-0.63647
-0.76201
1.45471
-0.71980
-0.75384
0.27131
-0.97513
1.25658
0.04547
4.36227
4.04644
-2.03792
4.50212
-2.56660
2.65791
-0.61661
0.87085
-0.67746
0.58456
1.08918
1.66312
-2.47802
1.81000
2.46671
1.70921
2.03820
-0.90821
4.20815
1.41678
1.32129
-0.83325
-1.43943
2.97576
2.58677
1.21290
1.49616
0.43335
0.02007
1.75868
-0.72807
2.42271
1.64728
-0.43369
2.17984
-0.26262
3.06210
0.95611
1.04008
0.94037
3.40689
1.92080
1.61644
-0.37267
0.29376
-0.19470
-0.12975
0.05494
1.59054
1.75931
0.03239
1.92606
0.06857
-0.84699
-0.59595
-0.35323
-0.52622
0.77382
-1.21488
-0.11369
0.37731
3.95264
1.05267
2.35281
0.41635
-0.69658
-0.76492
-0.81522
-1.48390
-1.56174
1.20012
1.01330
1.34879
0.16513
-1.61256
1.11380
-1.90505
1.75654
-1.49430
-0.28578
1.98041
-1.62681
0.88369
-0.16755
2.50775
2.35592
1.45593
-1.05272
0.37153
-1.16561
2.29134
0.49704
1.33584
2.18659
-0.96152
0.59685
-0.19590
2.24942
1.64494
0.03087
-0.69899
0.32768
-0.79804
0.05782
-2.32411
0.28399
1.45552
-0.71301
-0.96023
1.10355
-1.37911
-0.29543
-0.31583
1.35927
0.51648
1.13913
-2.75865
-3.11471
2.17177
0.58355
1.23978
-0.31690
-2.35126
-2.22586
0.97938
2.48181
-0.66738
1.00187
0.90924
-2.15270
3.45231
1.51620
0.39752
1.02257
1.56928
0.58475
-0.26604
2.33222
2.43969
0.56914
0.11375
-2.00166
-0.49432
0.20899
1.71238
1.24636
2.67390
3.88568
-0.51027
-1.90674
0.11707
-1.68753
-1.17503
-0.07177
2.15577
-2.39184
1.38905
-1.66658
-1.83989
0.43588
2.82039
1.34246
-1.58267
2.99644
2.16685
4.61596
0.57410
3.17508
3.36789
0.20449
-3.41269
0.78060
-0.52309
1.15193
0.10632
1.16032
-0.64728
1.27905
2.04903
0.26266
-3.43060
1.56582
-2.02323
-1.08286
2.43031
-1.70918
1.74136
0.18358
1.97253
-4.21386
2.90616
-1.04769
0.76036
0.36924
-1.98508
-0.51788
0.40460
-0.48369
0.87455
1.19295
1.13990
-2.41625
-0.80814
-0.45722
-0.15844
2.51447
-1.17603
3.34478
-1.13988
-0.09326
-0.39835
-1.27705
1.27613
-0.17882
0.38457
-1.26102
-1.72532
-1.70855
-1.13433
1.11274
-3.06502
-1.92670
-2.29539
-0.96033
1.22314
-0.61480
-1.19145
-0.91778
-0.76037
-1.11170
-0.06399
1.81654
-1.91688
-1.12208
0.63958
0.22644
3.51240
2.93381
1.63614
0.19208
0.71573
0.54464
-2.19688
-1.76933
-0.68840
-0.09249
1.79935
2.50764
1.17236
1.51382
0.11114
-0.54507
0.82663
1.47813
1.41320
1.12797
-1.00376
0.06416
1.31640
3.36435
1.88593
-1.27508
1.20652
0.59002
-0.68064
0.41134
0.00400
-1.05957
2.01962
-0.53406
1.17749
1.68742
1.59461
-1.28002
-0.40382
2.97153
3.67194
-0.41442
-0.20907
0.91175
1.73970
3.17492
-0.98870
-1.27112
0.99317
0.42309
-0.99199
-0.76035
-0.50877
2.29216
2.92187
1.83488
0.61226
2.74369
2.01801
1.42124
-0.02029
1.71408
-0.59236
0.13547
0.52167
-0.33744
-0.17166
1.43726
1.50319
0.40587
0.51331
0.18039
-0.33741
1.61359
1.48326
1.12547
1.62089
-0.63675
-0.19495
-2.50649
0.60369
1.46750
1.61284
-0.69769
1.09428
-1.09959
0.25363
2.73740
3.70240
-0.25419
0.66993
-1.60866
-2.48725
1.48842
2.49159
2.11727
1.37597
-0.52645
1.43882
-1.07224
3.53227
0.87874
-1.41652
-0.83576
-2.16822
1.66986
0.23341
-1.01601
0.00233
0.41884
-1.28617
4.74814
0.93041
2.76797
1.40974
1.55346
2.62989
0.00213
-0.23331
1.21498
2.00308
-0.49735
1.10488
-0.85286
0.71858
-0.50380
-0.70955
-0.99075
-0.69502
4.38276
1.73170
1.01125
0.78121
-1.72983
-0.86857
-0.86515
-1.63285
2.63337
2.69268
-0.88800
1.40909
-2.23028
0.20456
2.51674
-1.34665
4.06439
3.23950
1.44459
1.09045
1.75691
0.50105
1.22800
2.45052
-2.88773
-0.01075
0.32876
0.75493
-1.98156
2.04101
-2.82457
0.09721
1.41325
-1.74672
0.31942
0.44001
-2.10295
0.10832
2.93843
1.28130
-1.17321
1.48430
2.92371
3.12331
-1.73264
-1.98351
0.34901
-0.98089
-1.88461
-2.38317
0.35611
2.09277
-0.74628
0.50240
-3.20510
1.70674
-0.51451
0.21435
2.18922
1.61507
1.72098
-1.05351
-0.24516
-3.72908
0.60181
2.32683
0.32553
0.16098
2.33771
0.77615
1.23310
0.25650
0.81055
-0.22860
-1.79387
-2.21130
0.71430
-1.46371
-0.04539
0.40826
1.18807
-2.52969
2.26910
-1.35421
-1.49833
3.03866
-1.66071
0.54074
0.26241
-0.18510
-1.77043
0.87487
2.28875
0.05289
3.68591
0.65748
1.33013
1.54672
2.54255
-1.25929
-0.66502
0.45724
0.73022
0.24660
-0.71394
2.42590
-1.06475
0.20495
-0.05480
-0.18822
3.09667
0.05383
-1.69555
-0.56724
-0.45769
-0.67812
0.00653
3.11986
2.59791
0.12064
-0.25932
-3.58976
2.90461
2.12368
-1.96358
1.67636
1.34985
-0.93601
1.22290
1.26491
-0.50174
-2.07970
-1.68266
2.98514
-1.03561
0.48746
0.55831
1.67155
0.92544
0.11010
0.86508
-0.27265
-0.22722
1.11447
0.93901
0.29140
0.06754
1.97647
2.71761
0.17371
0.38657
2.00444
1.23747
0.17397
-0.09662
0.45967
1.45160
-1.35627
-2.38839
-0.72590
0.34447
1.25671
0.69480
-0.14245
2.61774
3.13338
3.28503
1.71462
1.12851
0.08911
2.26237
-0.63559
1.94925
0.23908
2.49667
-0.09880
-1.47505
-0.97189
-2.06874
-2.16628
0.81039
3.88735
2.98438
1.64608
-0.03861
1.13729
2.30101
1.11968
1.08892
-0.22503
-0.33069
0.81408
-0.38416
-2.84524
0.69589
2.38403
0.42630
2.92967
-0.38018
-0.26817
4.58017
3.72613
1.30143
1.18953
-1.11384
4.67667
2.25433
1.74895
0.80287
1.73414
2.83474
0.57663
1.87141
0.01094
-1.52775
-1.84659
0.02847
3.20275
0.33263
1.77685
2.48277
-0.13627
0.92010
0.00257
2.49418
1.08852
-0.06945
0.29686
-0.18339
1.60236
0.63056
0.95084
0.87942
0.83324
2.47144
0.42841
1.97940
0.43986
2.90855
1.81378
3.60948
1.69666
1.18642
-0.64854
0.59382
1.34923
-0.38959
-1.29940
0.05837
0.56261
2.66394
-2.59341
0.04259
-0.35050
-1.51664
2.93699
3.18221
1.77021
-0.76396
0.91270
-0.84567
-0.88469
-0.21769
0.75652
2.03103
-1.69636
-1.93289
1.04167
-0.01315
-1.19058
-0.13750
-0.35809
0.41119
-0.06613
0.73578
0.58498
0.94615
2.84620
-1.27424
3.23314
-0.40258
-1.73453
-1.87708
-0.13408
5.08895
2.29382
0.46859
-1.98451
0.98412
1.86245
1.21070
2.10031
1.35797
1.25649
2.59821
-0.64365
1.17906
-1.33700
0.14377
-0.90087
1.70548
0.00558
1.41920
2.42590
2.84812
2.37626
2.91412
1.30193
2.04218
-0.90625
-0.25886
2.23953
0.21785
0.89001
0.30072
0.71635
1.69024
-0.29639
3.69819
-1.55090
0.43581
0.98330
1.06727
-1.07840
-1.35418
-1.59715
-2.21309
-0.54973
1.27694
3.06928
0.95240
3.84499
1.70182
-0.32189
-2.32649
0.33538
3.30492
-0.86587
-0.60851
1.25949
-0.76074
2.40189
0.65576
-0.69094
-0.41712
-0.52673
0.68186
0.19629
-0.28026
1.23443
1.14883
0.14470
1.73463
0.19730
0.10943
0.73774
1.66326
0.16635
-1.02345
0.41190
-0.59880
-2.23815
1.37805
-2.17542
1.93367
0.25485
0.39669
-2.49993
1.43499
-0.46605
2.86639
0.05027
0.20507
-0.11036
0.20758
1.82557
-0.46270
1.74816
0.99021
0.34012
1.69363
-0.26070
-1.10825
0.29249
2.02232
2.47493
0.08044
1.08930
1.89491
0.08281
-1.31717
-1.62267
-0.24161
0.33714
0.06528
1.19140
0.32298
-2.91686
4.10508
1.98569
2.53704
2.95260
2.44420
3.62092
2.92220
2.92628
1.10150
3.69744
0.26404
1.44419
-0.34552
0.86676
4.11526
4.26211
4.08029
-0.59283
-0.70342
-0.86491
1.80922
1.50613
-1.05499
3.27757
-0.72473
-1.30645
1.13712
0.60598
2.73907
1.41548
-0.49675
0.15208
1.92140
0.05527
0.21042
3.06280
1.10852
1.00132
1.15269
2.36207
0.37333
0.74142
-1.90649
1.39865
2.05666
1.14241
1.64439
2.22627
-0.72848
0.10988
-0.36422
1.40617
0.58081
-0.48204
-0.74134
-1.01302
-3.68154
2.12282
3.66268
3.47895
5.11905
-0.10967
4.07194
0.65586
0.89028
1.20398
0.43582
2.52655
1.64256
0.61669
2.16151
0.83720
4.03131
-1.51743
-0.91563
-0.35773
-1.87712
-0.93555
1.22078
-1.79530
-1.12868
-1.20592
-2.53988
-1.22621
-0.48609
-0.04772
2.47862
-0.46827
-0.87422
2.05231
-0.42703
1.11325
-0.88402
0.72416
2.50582
-1.04590
-0.47810
2.26847
0.54668
-1.06294
1.41522
-0.02881
-1.13613
-2.07266
2.62139
0.33826
-1.94111
0.84827
3.68896
1.05584
1.19180
1.45531
1.30642
-0.81414
1.06870
1.14385
-0.41645
0.14025
3.59352
5.02946
3.20442
-0.08213
-0.21497
0.02944
1.62444
1.32955
-0.81909
0.32280
0.92345
-0.34673
-1.01086
-0.02186
-0.47928
4.75413
1.31448
0.32166
1.84539
1.49125
-2.60883
-1.16943
-2.92887
-1.48370
-0.02702
-0.70489
-0.30462
0.94586
-1.08322
0.27204
0.61364
-1.30722
0.93698
2.01034
-0.45393
1.41058
1.42013
-0.43195
3.93661
-2.66545
-0.14394
-0.72037
0.93754
-0.34361
-0.88936
0.42449
-1.36939
0.03046
2.49763
-0.20576
-0.02019
0.99764
-0.86775
0.39837
0.32321
-0.26875
1.46129
0.25586
0.18430
2.89829
-0.10668
1.14345
-0.85343
0.74400
0.10725
1.32131
0.10631
0.53563
-0.81627
0.54341
-3.25589
-2.60594
-0.07540
-0.08056
0.64127
-1.66735
0.83271
1.25470
2.42954
0.18956
0.06596
0.56036
-1.28674
2.56377
0.76664
-1.17686
1.27688
1.47802
1.69298
1.36930
2.59145
-1.05586
0.66781
-1.95148
-3.40642
-0.93549
-1.48340
-1.13944
-0.86067
3.17802
1.13078
0.57639
1.40233
-0.22898
1.79837
2.86130
1.45458
1.75931
2.18093
-0.86209
-0.22944
1.87163
0.39300
0.98566
2.53706
4.98333
-0.07613
1.75694
-2.00439
3.67746
2.51934
0.96515
0.79894
1.11346
0.87024
-0.72046
1.49315
0.76547
0.97515
1.03407
-0.37293
-2.62205
-2.21927
-0.91035
1.44140
2.25729
0.87911
0.12593
0.79544
-0.81644
0.51668
-0.85766
-1.29826
-0.98281
-0.32763
1.08688
-2.04171
1.14167
1.96483
0.50063
0.40701
0.25272
-0.57416
1.75348
0.94094
2.92544
0.63048
-0.57005
-0.26404
-2.51435
0.29979
2.75916
-0.73868
-1.23774
0.59411
-0.07800
-0.49670
-0.96537
-1.43716
-1.13684
-0.17053
-0.74721
-2.16404
0.77073
-0.35778
-2.45481
0.41082
-0.08998
1.61656
1.73691
0.04586
-2.26767
0.79096
-0.90685
-2.45268
-0.95848
-1.58772
1.27067
1.52541
0.09775
-1.07040
0.63253
-0.18272
-1.46757
0.45960
1.52468
0.41283
-0.66403
0.91554
-1.03014
1.03758
3.15174
1.76421
-0.13470
1.50231
1.76723
-0.79428
-3.99038
0.15083
-0.61410
1.12705
0.19844
1.82605
1.25402
0.51863
1.29572
-0.91072
0.89468
0.30179
2.75777
1.33338
1.28888
3.03052
1.53369
0.03171
0.08559
0.69203
0.19921
1.96539
3.04229
-0.71751
-0.13618
1.52436
0.57577
1.03307
1.04903
-1.97517
2.00737
1.10156
-0.49888
-1.41976
0.30799
-0.50341
-0.76146
0.45098
1.32122
1.08807
1.45133
1.83789
0.10760
0.08926
-0.41204
-0.60668
-0.61077
1.74172
2.70876
1.40124
-0.49224
-1.06573
0.32916
1.32961
1.97374
1.94366
1.02925
1.64739
1.06983
0.83209
-0.99703
0.36479
-2.27505
-1.73672
-0.41033
-0.57986
-0.65697
-0.25766
0.86650
0.48481
2.18326
1.41063
1.16077
0.06400
-1.37597
0.62150
0.09893
1.10665
1.39197
1.03830
-0.70442
0.51022
-0.94260
-0.01348
0.47694
0.58171
0.78894
-0.27034
-0.70898
0.81307
0.48751
-0.65831
0.50124
-1.55957
-0.83820
0.70117
1.80778
0.25935
1.94597
0.11350
-0.95104
-0.06518
0.45771
-0.24734
-0.10376
-0.78190
1.98066
1.74610
-0.54109
2.76192
1.67782
-0.75426
-2.77156
-2.67781
0.52020
1.74318
1.76658
4.64404
1.92338
-3.74418
1.03934
0.37448
5.09100
5.08644
1.04652
-2.02745
1.84669
-1.37848
-1.09600
1.76754
-0.69294
0.83128
-0.29512
-3.16171
-1.55554
2.14569
-0.32008
2.58923
-1.24709
-0.18456
-2.93736
1.39423
-1.99454
-0.94187
0.84787
0.56249
-0.94103
0.09429
-0.34028
2.09417
1.86432
2.53503
-0.64139
-0.07828
1.31066
-0.78454
-0.18186
-0.35601
-0.30178
-0.73453
1.48281
-0.68069
2.37357
-1.98845
0.71189
1.70476
-0.48461
2.44836
0.64879
2.37459
2.31977
-0.00386
-0.06952
0.94078
0.39665
3.14077
1.40781
2.40707
3.94322
0.31997
-0.42195
-0.54501
-2.53519
-1.78280
0.09724
1.07708
-1.77887
0.88250
2.37971
1.58304
0.28947
0.72399
0.90582
-0.64391
-3.11977
0.62694
-0.24283
0.69093
4.01319
-1.45008
-1.84292
-1.24920
1.11603
-0.27628
-0.44289
-0.00334
-0.60575
0.42657
-0.42683
-0.63809
0.57535
0.99722
1.09894
0.97435
0.72927
-0.38426
1.40039
-0.51877
1.16166
1.31600
1.23063
1.25914
1.11324
-2.19148
1.15225
-0.67086
-0.98360
2.05165
0.18099
2.61722
1.44995
3.78085
-0.59865
2.58239
-0.01194
-0.17286
1.30259
-1.57687
-0.87162
0.51395
-1.77440
1.96941
-1.72083
0.82837
0.70286
0.40485
-0.48765
1.87419
-0.53152
0.20121
1.39194
-0.79692
1.42231
-0.43893
0.43953
-0.61604
-1.00922
0.76243
0.42002
1.22951
1.81003
2.14078
2.75973
-1.14883
0.08785
1.24651
0.94136
4.08599
0.85856
-0.57480
2.01256
1.16122
0.23543
2.84808
2.43200
-2.36848
-0.21529
0.57305
1.64884
-0.61654
3.35800
-1.18413
-2.14789
2.17025
-0.99791
-1.47730
-0.15378
0.83741
2.27068
2.10083
-0.26741
2.50324
3.15483
-0.24131
-1.50440
1.22273
2.19624
0.03900
0.09196
-1.32699
0.47894
-0.81536
-0.44614
0.78996
0.20955
2.94945
0.97819
1.03324
0.54047
0.27280
0.92332
0.19763
-1.58392
2.13350
-1.22003
-1.59255
0.99346
1.16735
1.19031
1.47856
0.26625
0.03078
2.66965
1.23722
-1.28578
-1.23334
0.15115
2.04779
2.47832
-1.09415
0.72588
0.82219
1.57831
2.46127
0.91829
-1.56507
1.45877
0.11015
-0.46057
0.98319
3.03172
0.20314
-1.70762
-0.41483
-0.65407
1.93270
0.29746
1.23779
2.32560
0.85186
2.49962
1.96304
-1.35389
2.09081
1.95486
0.79228
1.42764
0.11762
-0.13676
-3.11946
0.68347
1.82442
1.18426
3.18820
0.91661
3.40738
1.35462
2.20996
0.44610
0.57056
-0.13614
2.03922
-2.02962
-0.27800
0.47907
2.55292
2.99562
4.05591
2.81036
-0.35473
-1.35012
1.16520
-0.22336
-2.27722
-1.11307
-2.30321
-0.71105
2.22257
2.70702
0.69446
2.55131
2.64528
2.58785
-2.63879
1.41028
2.38059
0.48752
0.31198
0.92004
0.67306
0.07362
0.15932
-0.05154
0.76821
3.29067
1.51546
1.05599
1.74066
-0.47580
0.78843
1.02875
2.24421
-0.24480
2.03436
-0.43275
-0.96773
2.29247
2.97074
0.08178
0.37985
0.09937
-0.37317
1.59069
1.10795
0.94125
-0.79284
2.59642
-2.79689
0.91287
-0.96889
0.21687
1.99569
2.09705
1.21786
-0.12823
-0.26632
-1.32615
-2.34281
1.84546
2.39663
0.92240
-0.56449
-1.15277
-0.23584
1.72505
5.35656
2.47983
-2.60940
-2.71583
-0.40250
3.96248
-1.58829
1.52069
6.46662
1.69623
2.15405
0.01721
-0.59989
-3.95428
-0.16009
-0.29061
1.33352
2.16581
-1.71447
3.62383
1.26618
-0.46312
0.30436
1.52628
1.41637
3.74975
1.08584
-0.63939
-1.03611
-0.62737
-2.36583
0.25888
1.03091
1.75995
0.91590
2.57822
-2.00177
-0.93824
-0.51332
-0.92745
-0.75263
1.68999
2.29018
0.72105
2.73356
3.50805
1.03447
0.44576
-1.85986
0.81485
-1.19016
-0.10084
2.45091
-0.56243
2.05626
-4.42896
-2.25100
0.94471
-1.56959
0.15749
0.86941
4.80389
1.30763
0.72478
-0.24437
1.93760
-0.50190
-0.80899
-0.15182
-1.61499
-1.27493
-1.31174
-1.29854
1.83489
-0.77992
0.52534
1.81152
-0.25843
0.90085
0.85125
2.48515
2.45704
2.57852
-0.04061
1.93822
1.05710
1.17177
1.95897
3.34896
3.57327
0.89723
-0.04668
-0.71870
0.42002
2.47424
-0.15286
-2.09692
0.56493
0.65670
2.16431
0.03907
0.85249
-1.78247
-1.75954
2.34824
0.98428
0.26216
0.43646
2.40943
1.31516
1.08232
2.82381
1.86642
-0.01063
0.53644
-1.20316
2.15628
3.46958
0.94665
0.37940
0.26408
1.22538
0.36565
-0.69793
0.20040
-0.13976
-0.21533
-0.43898
-0.31091
-2.17918
0.83627
1.88089
-0.48497
-2.17274
0.69338
0.12109
0.15551
-0.86464
0.88741
-0.86559
4.48935
-1.33897
0.80620
1.12936
-2.03324
1.98682
0.26860
-1.59689
-0.94759
1.18189
0.37205
-0.49046
1.11218
-0.49184
0.36799
-0.34324
1.41315
2.25615
-0.37594
1.02514
-0.37649
0.07698
0.75447
-2.51547
-0.11506
1.68859
0.80046
-1.53108
1.10143
2.48765
2.80585
1.66384
-1.30229
1.57722
1.63544
-0.12353
1.43026
-0.63944
-2.72434
-3.64005
-0.36175
-0.56002
3.29339
-0.30022
2.04658
-0.09635
1.37015
1.43943
3.73256
1.16881
0.42037
-0.20858
1.44248
0.62892
1.01606
-0.01303
-1.87691
2.10945
2.25794
-2.27159
-0.32157
1.96026
-0.33554
1.87838
0.24851
1.16030
0.49397
-2.96011
2.04578
3.10674
0.10015
0.21269
2.98319
2.68747
0.22677
0.01893
-1.89891
0.83080
2.14344
-2.67646
-0.54461
2.00617
-1.92857
-1.14083
0.90704
0.17245
-2.56199
0.95007
-0.97638
-0.66931
-0.03461
1.53243
-1.20705
0.50596
1.20142
0.72829
-0.55776
2.48626
1.92839
2.43969
-1.61054
1.89551
1.70485
1.09971
1.09352
1.53070
1.61619
2.02719
0.13429
-3.03665
0.81812
-0.42509
0.90942
1.93809
1.82995
2.78872
-0.16224
-0.53506
1.12070
-1.94978
0.13215
-0.53851
-0.40350
1.40513
1.15497
1.60879
1.23781
3.23471
-2.49294
-1.79254
0.28307
-0.55719
1.20049
0.17956
0.50852
1.09721
-1.21183
2.40489
0.56338
-2.50477
0.53908
-3.09316
0.91674
-0.98929
-1.23519
0.66949
2.23212
0.04386
-0.60353
-2.03855
1.34821
-0.50891
-0.00918
1.85506
2.45884
0.33733
1.22562
-0.11682
0.88575
-1.30625
-1.48757
-0.17831
3.42454
-0.53217
0.03305
1.83014
0.19576
1.59242
0.16624
4.14700
0.69729
-0.04700
1.83973
-0.40867
2.47618
3.97811
-0.15311
2.28234
2.65168
-1.17161
0.83396
1.98532
2.73237
0.05916
-0.49833
0.76397
0.60378
1.31591
1.35941
0.49188
-0.39406
0.21313
-0.10407
0.86433
2.16804
2.33038
2.71204
0.29958
-1.06525
1.07853
1.48977
0.08871
2.84469
-0.01195
2.40691
-3.18487
-0.88453
-0.84969
1.48245
2.94909
0.66970
0.46910
-0.92756
0.46179
0.97635
2.44462
1.34411
4.02477
2.51289
1.48472
0.29327
1.37965
-0.90452
2.24671
-1.44000
-1.05228
-0.92286
1.66089
3.18357
1.45848
1.56873
0.20366
0.16942
3.98656
3.69130
2.27833
-1.62623
2.66742
-1.29042
0.17490
-0.87150
0.78447
2.72528
2.93080
2.61224
1.86516
2.03624
0.58244
2.10421
-1.11883
-3.98244
-1.78560
-1.69644
-1.50897
-1.68065
-1.79206
-0.53214
0.73506
-2.09972
-1.51809
3.84481
-0.48422
2.36039
1.17953
3.36763
3.74409
1.04344
1.47154
0.68358
0.36860
1.89211
0.01169
-1.82662
2.41460
0.72315
1.53481
-0.39514
0.54876
0.08041
-0.43910
2.33438
0.07660
0.38170
1.19594
1.97418
1.94484
1.10210
-1.28600
0.63938
-0.79519
-2.02224
-1.07306
0.36970
-0.52332
-1.26459
0.25063
1.44862
0.53456
-0.99253
0.86772
0.23410
-0.45895
0.71774
0.47801
2.11751
1.50501
-1.67091
-1.06826
1.01833
3.67563
-1.90035
2.61859
0.84675
0.65186
0.83201
1.30103
-0.12190
0.15701
-2.55041
-0.29305
-0.43656
2.61123
0.29278
0.91621
0.37689
2.14167
1.47100
-0.59639
0.76461
-1.07137
-0.13118
0.95762
-0.39990
-0.90663
1.34896
1.25864
1.41008
0.44918
-1.39935
3.38384
2.81016
0.32708
0.52585
0.95926
-0.02687
-0.93764
-0.17931
2.70659
-0.48860
1.60573
-0.92076
-2.69340
2.21160
3.52308
0.56937
0.14916
-3.59887
-3.11018
-0.36239
-1.81233
-2.06646
-0.12542
3.36342
-2.66981
1.09028
2.96456
0.69830
1.51659
2.35581
3.51545
-0.97450
-0.25577
1.38384
0.06525
-0.33422
0.52195
-0.12779
1.57463
1.08826
-0.06211
-0.08338
0.40588
-0.24908
-0.64513
0.46042
-0.07762
-3.34717
0.70626
1.47883
-0.00402
2.48428
-0.94309
3.00323
0.88253
0.40710
-1.24976
2.45594
1.03429
-2.66542
1.50364
-0.10892
1.00044
-1.02587
0.99827
2.73394
3.05493
0.97893
2.04139
1.52505
4.91738
3.65291
1.00074
-0.88371
0.09219
0.99483
1.87782
1.86279
2.45123
0.65917
-0.13698
2.16895
1.34814
1.48975
0.81792
1.27053
-1.41454
1.11125
-1.29358
1.26754
-1.72727
0.54398
2.63002
-1.71081
-0.30567
1.15031
-0.94518
2.03175
-2.26270
0.98025
-0.17576
1.44249
-1.36557
0.44451
0.67830
-1.20687
0.08018
0.85402
0.42594
1.69161
0.83158
-0.88279
-2.97345
1.91152
2.10399
0.64210
-1.06767
-0.63862
2.34970
0.56154
-2.35457
0.41445
4.11027
1.70985
-1.59250
-0.36679
-1.84173
1.56594
0.85891
-0.47370
2.30757
-1.18094
1.06307
-0.05532
-0.94976
-0.54960
-0.15862
0.01855
-0.28872
0.68297
1.03975
0.71354
1.51606
0.75912
2.25148
1.11088
-0.39749
-0.42914
0.66173
1.25110
-1.13770
-1.06819
0.32175
-1.36866
0.83208
3.22227
-0.86596
0.85239
-1.45811
-0.63960
-0.65503
-1.18910
-0.93405
0.80974
-1.93505
-0.40020
2.81415
-0.79318
-0.43845
3.97758
-0.39475
-0.48938
2.35209
-0.87425
0.52705
-1.68155
0.75414
0.28641
-1.14078
-0.02463
-0.37296
-1.29823
3.35299
2.08646
0.04815
0.38646
-0.31348
-3.19151
-2.66242
-4.44492
-2.89640
0.28736
-0.10810
-0.53499
-1.00408
0.47798
-1.24390
0.33509
0.45767
2.11917
2.16382
-0.44071
0.32721
2.01126
1.17026
-2.11466
-0.11185
-3.85576
1.65609
1.59227
1.35327
-0.64013
-0.63872
-1.58871
-0.64297
-0.25515
-1.67400
0.95774
-1.10411
4.51883
-0.13544
2.65759
0.90411
1.81324
-1.73956
1.10866
0.99601
-0.95091
-0.86569
-0.96855
-0.70401
1.55391
2.44969
1.02061
0.69196
1.24543
2.95568
2.07846
4.27576
1.59681
0.82754
-0.52366
-0.16918
2.41199
3.33567
-1.55962
-0.80361
-3.15621
0.67247
2.52657
2.10468
-2.90072
1.27602
0.78528
-1.36636
2.42111
-1.28646
-1.64428
0.02189
-1.27954
-1.79982
-2.15026
-2.81404
-0.02586
3.39478
-0.26935
-2.41118
1.27414
2.13246
1.23294
4.30854
0.32994
-0.76810
-1.31485
0.00166
0.88813
3.72944
4.07821
2.87967
-1.91629
-0.95128
1.32983
1.58820
0.55891
1.68331
0.94543
-0.96901
1.16293
-0.08595
-1.74733
0.75414
0.12113
2.40170
2.62744
0.26501
0.09201
0.38641
-0.98544
-2.10352
0.55637
2.20786
0.28505
-0.59854
0.96488
-1.19735
-0.43370
-2.38865
-1.04387
3.87871
0.75007
2.65333
-1.20872
-1.50360
0.54615
-1.14536
1.98383
-0.45194
-1.65799
-1.75363
-0.37859
0.95381
-0.36114
-1.39008
0.39354
0.33150
1.23783
4.10603
0.33149
2.08889
2.53918
1.50845
-0.57768
-0.30205
1.99040
0.22050
0.95984
-1.54413
-1.54212
1.81662
2.61495
1.40131
0.97852
2.10732
3.47630
-0.25011
-0.58516
-0.00372
0.86478
2.52038
-3.75918
1.16233
0.35513
1.58075
0.32317
-0.17329
0.03794
3.51335
1.11885
0.19759
-0.26949
0.25510
-0.10857
1.77876
2.64510
1.98665
3.49308
0.79822
1.45230
1.53228
0.42455
2.49053
1.13927
-0.96862
-1.68769
0.78170
1.07432
0.05572
-0.22354
0.66258
-0.63047
2.48130
0.59294
0.45474
1.13938
-0.04381
-0.07112
-1.37509
1.77395
3.41490
-1.41475
-1.61831
-0.76778
1.08182
-0.99648
-1.95411
-0.25964
1.70864
-0.03373
0.10024
-0.12611
1.32486
2.70005
-1.15439
-2.38958
2.60239
0.65797
1.39090
1.78903
0.01098
-2.07580
-0.59093
-1.43238
1.29281
-0.43628
1.76297
0.01068
-1.92341
-1.24952
1.08167
-2.47601
1.33319
1.63403
-1.34231
1.02359
-3.56110
-2.37378
-0.61501
-1.11648
1.13401
2.84963
0.61332
1.03730
-0.24766
-0.27980
0.36420
1.07860
-1.66527
0.97052
-1.30168
-0.46484
0.31568
2.18238
1.53623
1.51532
4.80885
0.18648
3.13469
2.11698
-0.01080
-0.35903
0.24819
-0.64934
1.13031
-2.96277
1.67974
1.36591
0.24378
1.16949
1.45772
1.40834
0.15485
0.55205
2.17582
-0.37385
2.60776
2.32686
-0.39803
4.04419
0.82302
1.44033
1.76502
2.47417
1.81074
0.59239
-1.14283
1.03960
1.39343
1.36242
-1.36185
1.88994
1.76525
2.92809
1.31857
0.55564
1.71693
0.43016
2.01975
0.80375
0.14595
1.36038
1.77349
0.64479
-0.41176
0.20793
-1.31183
-1.15452
0.16696
-0.99220
2.72072
-1.97099
-2.11922
-0.29751
-0.92522
0.83462
-0.29150
2.11915
-0.22020
0.69447
0.88954
1.56858
1.42467
0.89827
-0.32724
3.54216
3.37809
0.37002
0.77970
1.24341
-0.37277
0.36816
3.44199
2.17205
0.14911
1.72229
1.01406
2.21238
2.23765
2.42933
3.38246
2.34597
0.54615
2.07864
1.82680
0.07768
0.81378
0.40034
-0.04457
0.34231
2.11632
1.57807
3.10343
0.72615
0.51987
0.37502
-1.04049
-1.21753
0.99317
-1.99938
1.29131
-0.42700
1.47867
1.26769
-0.51236
0.82712
-0.07629
1.24112
-0.05601
-0.18345
0.12701
2.74617
0.09654
0.91160
-0.54583
0.83578
0.15273
0.74073
1.28021
0.88136
-0.22921
0.95553
0.29421
1.71130
0.50411
3.78045
0.80036
1.44523
1.63024
1.33588
0.66681
0.35399
0.52392
2.84883
0.22154
3.29706
0.67606
1.10818
1.22159
0.00771
0.74170
2.05397
0.86944
2.58733
2.59776
-1.90962
3.00692
0.97221
-1.55113
3.38539
-0.84454
-0.41249
1.98056
1.43332
1.01811
-1.16036
-1.78262
0.40879
-3.46573
-3.24729
0.67476
1.03171
1.53362
1.56379
1.11054
1.27759
0.20570
0.22686
1.34539
1.42880
1.99496
1.14744
0.85617
1.65124
2.11636
0.23067
2.92729
0.09127
2.02445
0.05039
0.71143
1.69383
0.89686
-0.16800
-0.05425
2.89976
3.65036
0.70591
1.26205
1.72164
-0.23705
2.80917
1.11042
-0.91211
-1.44349
-3.57304
-0.77639
-1.24111
3.07778
0.71252
1.12817
0.58246
-0.11690
0.38838
0.46916
0.37734
-1.31626
-1.37256
0.67223
-0.66958
-1.01478
-0.56327
-0.47083
-2.26537
0.35405
-0.27402
2.44002
2.10574
-0.78960
-2.53524
1.27961
1.83235
-0.23658
1.38810
0.80845
2.77050
-0.44168
-1.21484
0.81369
-0.59141
0.01264
-0.42173
1.00668
1.32724
1.38518
0.38390
0.50723
1.21749
1.64759
2.10149
1.33422
0.30402
-0.05104
3.52224
-0.39816
1.96827
1.33648
-1.55196
-0.20203
0.60888
-0.49399
-1.08437
-2.68907
1.41690
2.31594
0.87945
2.10939
-0.32972
0.59887
-0.38014
0.98570
1.84502
-0.54749
-0.59522
-0.70461
0.81780
1.83686
0.68330
-0.84055
1.51459
0.16137
0.87339
2.30205
0.28007
-1.95743
-0.18938
0.42326
0.46503
1.00500
1.65369
-0.02565
0.54528
-0.31306
1.23566
0.73982
0.78351
2.24533
-0.44816
-0.11229
-0.82984
-0.49115
-1.48139
-1.06425
-0.54212
0.57672
1.75907
-0.18999
-0.48576
2.05579
-1.00308
-0.31099
1.54890
1.96225
-0.01025
1.59040
1.18257
1.61179
1.19505
1.01823
-0.27212
1.30780
0.78412
1.70278
-0.55329
1.51314
1.06530
2.56780
1.33378
-0.21320
-1.49537
0.25922
2.27233
-0.37979
0.71830
1.07918
1.38120
0.97443
0.00719
0.54463
0.42386
0.10601
1.33005
0.13389
2.29033
-0.59603
1.31618
2.30444
2.96327
3.66060
2.39493
2.57895
-0.07540
-0.89731
-2.81358
-1.18651
3.01089
1.45486
0.55838
2.42750
0.51557
-1.94402
1.07550
1.55234
1.98861
-1.60086
0.06672
2.23817
-1.99291
-1.27531
1.31387
-0.63572
0.10332
0.51941
0.46229
-0.65433
-0.18947
0.26098
3.85485
0.70231
1.17486
0.65805
-1.30856
-0.99697
0.05874
-1.68323
0.83798
2.22944
-1.49188
2.94291
-2.08036
0.33824
-2.50436
-1.80680
1.00052
-1.47937
-0.19005
0.04703
3.58475
3.41084
0.91643
-0.16872
1.44609
0.57365
0.69628
0.71580
0.75355
0.65803
-0.74654
1.09076
2.44325
-1.54924
3.47809
2.35426
2.47832
-0.53218
-1.32281
-0.62920
-1.26472
-0.33691
-1.90979
0.63074
0.72734
1.30720
1.60476
0.88923
1.19602
3.80799
2.93511
0.92587
-1.22757
2.74210
0.32531
-1.42094
1.32571
-1.72279
3.11518
1.30843
-0.44884
-1.32316
-2.40689
-1.77996
-1.23349
-0.38769
-1.45384
0.07699
-1.00561
0.38086
1.57880
0.76604
-1.94278
-4.06786
1.18471
-0.12203
-0.28086
-1.06424
1.55073
-1.64806
-3.63005
1.91457
-0.66176
0.99981
-1.29608
0.88639
1.51460
-1.20671
2.64684
-0.87382
0.24690
-0.68188
-2.33799
-0.34109
-0.71893
-0.37415
1.72934
2.58839
1.62222
0.94387
-0.99712
-0.26239
-2.61837
-0.29515
-1.90727
-0.48305
-1.82614
-1.76430
-0.27330
-1.48547
-1.14297
-0.93372
-0.05574
-0.16489
-1.35010
0.68808
0.02895
