1.18851
-0.36210
2.31167
-1.75920
-0.51275
3.79712
0.94880
2.95027
0.80387
1.93625
2.50547
1.77976
0.66987
0.99826
2.14714
0.93449
0.17279
2.12639
-1.03349
-2.29992
-3.02992
-0.47956
-1.18299
-0.23227
1.00942
-1.87070
-0.26806
-1.11208
-2.07543
0.57468
0.06356
0.70515
2.85533
2.87093
0.05866
0.17751
0.91242
-1.28202
3.07665
0.56568
-0.96149
0.84822
1.92248
1.17634
2.78104
-0.88411
-1.39745
0.66561
-0.44464
-0.81569
0.24342
-1.98723
0.83797
2.42599
-0.87211
2.55713
-0.96524
0.90437
-2.13032
-2.33654
-1.07396
0.54088
-1.89861
2.60485
-0.13297
1.91727
-0.25607
1.57501
1.81330
-0.70336
1.27585
1.92813
0.49949
1.68025
-0.94036
0.57560
0.45625
-0.00516
1.30447
0.63641
1.39590
2.33365
2.74781
1.81224
0.98602
-0.03539
0.93795
-0.53390
-0.11589
-1.19152
0.12849
1.35276
-2.81809
0.00358
3.11402
-0.98680
-0.96686
0.92066
1.32362
-1.19038
-1.09643
-0.31349
-1.91295
-0.63381
-4.16667
-0.19496
0.00940
0.68239
-0.08976
-0.17687
5.41030
1.27457
-0.80982
-0.52101
0.97998
1.01520
3.46464
3.15792
3.32804
0.29672
0.28682
0.63326
5.86152
-0.37242
4.04431
2.24051
-0.10988
1.90098
1.24136
1.47874
1.37906
2.12123
0.42696
-0.91798
-1.88915
-0.47527
-1.05840
0.06907
0.29515
0.50761
3.26010
2.18957
-1.57900
-1.27437
-0.43721
1.33048
2.83902
3.26934
-0.89638
0.32243
-3.80474
1.34005
1.32976
0.78854
0.70830
0.00334
4.28510
4.20499
-0.19857
-3.33049
1.90576
-1.18700
1.43196
3.08180
2.06703
2.87662
4.05110
4.30180
0.83719
-0.55025
-0.64090
2.78814
-0.00974
1.15337
-1.97061
1.40374
0.33654
-0.71551
1.69138
0.50651
0.81004
1.83549
0.31926
-0.03236
1.54999
-1.93173
1.10685
0.74007
0.47508
0.79411
0.11281
0.23664
2.19626
2.04935
0.47634
-0.66691
-0.79284
2.21921
0.80813
1.27893
0.63053
2.35542
-0.01739
0.43834
-0.97590
-1.79314
-0.38466
0.83173
-0.01197
1.58309
1.00916
0.18408
1.33952
0.72961
0.81124
0.65565
4.04176
1.03412
2.58589
1.32866
2.40214
0.41213
0.89163
1.42187
0.92476
1.12843
1.00456
-0.14203
-1.06095
0.52755
-1.03538
3.50432
-0.84764
2.26089
-0.72515
-3.18608
0.55036
0.03608
-0.32256
1.18134
1.50875
-1.47387
0.18155
3.10148
-3.00356
0.32236
-1.83404
-0.10175
1.89564
1.21057
-0.14308
-0.37035
-0.04326
0.93371
0.55533
4.28699
0.73346
-1.06618
1.31880
2.08395
-2.03564
5.02805
-2.39219
2.86453
0.08192
1.48430
-0.57746
1.74253
2.95842
-0.09869
0.84226
-0.76570
-0.23169
-1.03545
1.12671
3.83019
1.93375
-1.87176
2.13676
1.31076
-4.03764
2.32592
1.94124
-0.44742
-1.01541
0.57715
-0.44376
0.11162
1.70557
1.36049
0.15435
3.98643
-1.90911
-2.05448
2.26196
-1.60250
0.34268
1.91693
-1.50237
1.32327
-1.67112
1.82403
1.54023
1.58980
2.43267
1.54722
-1.11562
0.55921
0.65385
-0.40264
0.73125
3.15124
0.95451
2.59085
1.98177
1.12907
1.11971
0.32094
0.20254
2.86202
1.27346
-1.58753
-1.49025
1.16760
1.27195
2.54183
2.03446
0.56603
-1.83719
-0.32422
1.88677
0.78680
3.08594
1.06141
-2.34491
-1.96855
-1.30131
-0.04014
-0.68960
1.43958
1.91814
1.90738
-0.02277
-0.38746
0.67121
-0.67392
-1.30293
2.46936
2.28966
0.12089
1.09207
0.53103
1.60362
-0.80837
-0.03568
0.79380
3.49861
0.17242
0.48202
-2.34527
-1.37624
-0.75952
1.15561
-1.40783
0.00728
-0.76685
3.01545
0.85007
1.81720
-0.65750
-0.17203
1.26390
0.42854
1.72110
-0.34568
1.21741
1.08430
-0.19827
-1.38092
0.18481
1.12710
2.58155
0.42415
1.86486
-0.14997
1.70617
0.68016
1.02612
1.43483
-0.39237
0.04810
0.66213
0.30726
-0.75389
-0.82762
-1.93108
-0.40048
1.99303
-1.99534
-1.63097
-4.41678
0.38859
0.92600
4.34991
2.60814
-0.32970
-0.33837
-0.60507
0.78588
-1.09102
3.36064
0.66102
-0.98217
0.21140
1.10757
-1.74747
-2.26074
1.89010
1.14193
-2.71636
0.25779
-0.44815
-0.11493
1.87897
1.35255
1.50903
0.28233
-1.07302
-1.00136
2.53498
0.55376
4.01011
2.44591
1.21030
3.35161
-0.83804
-2.79509
0.75924
-1.32638
-0.07121
-0.29705
-1.28901
-0.95371
0.40189
0.19381
-1.35354
3.68835
-0.73232
3.44714
0.24043
-0.48017
2.64898
1.06915
1.29979
0.70883
-1.11299
0.83180
-1.55764
1.11133
0.11435
1.72046
0.91357
0.90807
0.56651
2.69805
-0.71246
2.26979
1.89815
3.84951
0.82813
0.21104
0.18833
1.98086
1.22308
0.71112
0.54180
-0.85337
0.51526
-0.35975
-0.34059
-0.98179
-1.08838
-0.10094
-0.08967
-1.84420
1.17311
-1.85312
3.15080
0.19300
-0.48424
0.87156
-1.85791
-1.05589
-1.49758
0.99666
0.04288
3.28077
4.59381
0.35295
-2.18555
-4.50773
-0.64441
-1.78498
-2.93436
1.10964
1.54755
0.71653
-0.51362
-0.47546
1.55063
0.83798
-0.92340
2.83692
1.84823
-0.38900
-0.66853
-2.17569
-1.65591
1.04471
2.08774
1.16551
1.62941
2.32144
3.01121
-1.29542
0.25797
0.50712
-0.93780
0.93762
2.20743
2.38256
1.35297
-1.10480
-2.65331
0.35694
2.93105
-2.08553
-0.97930
-2.96229
-1.09257
1.65315
-2.89794
-0.78968
-0.52418
0.40076
0.34212
1.29445
3.47136
2.03400
0.47472
2.00288
0.38013
0.23642
3.42457
2.66926
1.07285
-0.35395
1.01615
1.30838
0.66402
-0.22281
0.25117
-0.20311
0.96467
0.07862
0.83345
-0.33506
2.27856
1.76210
-0.61142
0.63554
-0.43772
2.42235
1.31350
-0.41038
1.22817
-0.17937
-0.54558
0.76918
0.44765
0.01851
1.36978
0.79543
-1.02793
-0.52654
0.75469
3.06674
1.33868
0.38273
-0.92474
3.10895
-1.29785
-0.31234
-0.79310
-4.61567
-4.44718
-1.11299
-1.64772
-4.48684
0.46579
-2.25424
0.57841
-0.69757
-1.42968
-0.82356
4.31611
-3.26866
-1.11090
0.14833
0.96050
0.14880
-2.07021
2.11997
2.70053
-0.48757
0.62406
0.01515
-1.13847
1.08890
-0.75564
-0.02637
1.28766
1.42621
2.12420
1.07128
1.02318
0.36676
-0.53527
0.59278
-0.23693
-0.36412
2.22938
0.47907
1.72518
0.00798
2.27049
-1.50211
-0.98435
-0.34540
-0.80478
0.39805
0.07601
-4.30820
1.43008
-1.41923
0.24876
1.04879
0.90646
-1.18336
1.04195
0.78952
0.09340
0.73976
-1.18514
0.26090
1.15633
1.10428
2.00364
-0.54203
1.82177
0.61777
-1.14941
0.26607
3.06040
2.21256
-1.47251
2.06246
2.60189
-0.35891
3.02977
2.06010
0.83616
-0.13798
-0.93571
0.97231
0.17325
0.07605
0.49521
0.95117
0.66312
0.64367
1.16261
0.17205
0.75341
1.17540
1.24615
2.68362
-0.19460
1.39233
2.53381
-0.74047
1.18129
1.11769
1.05799
2.40641
0.27712
0.04002
0.67934
-0.18167
3.01179
1.87695
2.22029
0.65329
1.54670
0.55605
1.52171
3.26983
1.47446
0.76329
0.27709
1.05338
-0.69594
1.58556
0.48422
0.32632
0.02448
0.16480
-0.46662
-0.31303
2.37921
0.41900
-0.33552
-0.43888
-0.69274
-0.03379
-0.70242
0.22253
1.50536
-0.68004
-0.90033
0.67282
0.49824
-1.42285
1.19988
-1.26655
-1.58782
-0.05956
2.87892
0.45501
2.62574
1.86388
1.52817
-0.92509
-0.20814
3.85123
4.29247
-0.26928
-0.47091
0.97250
3.79073
-0.17468
0.46663
-0.24312
0.12773
0.02254
3.52353
0.14767
-0.65867
-0.30636
3.04124
2.67649
2.36147
1.14961
1.41753
0.21199
-2.58551
