-2.39449
-2.55102
-0.92715
1.31525
1.54868
-1.67244
-0.66670
0.54124
-1.80649
0.97737
-2.06220
-0.12498
-1.37566
-1.25150
1.12504
3.17044
1.65366
-2.07544
0.76484
-0.66278
1.34129
0.47883
-1.09927
0.88115
2.78242
1.86625
1.83727
1.52826
2.50138
0.62876
2.41038
2.46986
2.23219
-0.49860
0.57602
1.15450
1.55314
0.56659
-0.38755
0.08402
-1.66401
-0.66961
0.60349
-0.52251
2.16895
2.65193
2.61090
-0.24124
0.02410
0.17176
-0.76297
1.03390
1.94613
-2.50886
-0.72924
2.78121
-1.81155
-0.26996
-3.60543
-1.83897
-0.38276
-2.76162
0.08362
1.63360
2.50278
1.08299
1.80581
1.19703
1.27661
-0.69639
2.89034
1.47126
-1.90222
-0.63335
0.61111
1.90275
-1.64495
0.66626
2.56958
0.62601
0.06938
1.38286
1.24219
1.46573
0.90504
2.22877
0.41054
-0.46180
0.98173
0.00622
-0.53180
1.17530
-0.90487
2.20689
0.87679
0.58605
-0.12867
-0.00758
2.84513
0.46886
0.80065
-2.41233
2.12531
-2.38313
0.32976
2.73963
1.26100
1.62183
0.37105
2.11838
1.81528
-0.37049
0.26002
-0.75565
-1.11756
-0.54125
-1.87330
1.50428
-1.62612
1.03536
1.88544
1.68393
0.40531
1.17059
0.66793
0.01430
1.73777
2.45308
2.33141
0.29474
-0.49733
1.75540
0.90833
-0.16482
3.77470
-0.40115
-1.23577
-0.78872
2.26291
2.15126
1.97298
-1.53495
-1.33917
1.99531
-0.60931
1.65689
2.50708
3.25148
-0.69520
-1.74379
0.62850
-0.32411
1.81976
1.01907
-1.87824
-0.09882
0.35154
-1.09194
-0.68593
1.00640
0.75234
1.87180
0.77996
2.75999
3.00286
-0.06872
-0.50701
0.56348
2.61540
0.09287
0.27385
4.40763
0.08824
2.28046
0.01996
-1.04851
-2.31375
-2.08497
-0.92163
-0.25379
3.03151
1.72336
1.97227
2.38305
3.61314
-2.46083
-1.65980
1.12984
-1.10251
2.86384
1.85507
-1.14944
-0.92567
-1.07451
-1.28084
-1.72994
-0.66026
3.84580
-0.16127
-3.93493
1.72874
2.11066
0.93032
1.65523
-0.29481
-0.67009
0.49800
2.01573
-0.57097
2.23008
1.12932
-1.55672
-1.11564
-1.56117
1.50967
2.85089
2.82362
3.42511
2.77937
0.54505
2.16645
0.83565
1.55899
-0.22812
0.40887
6.14926
1.45897
-0.34215
-1.20772
-2.11403
-1.73908
-0.00539
3.44736
-0.58209
1.51697
1.54932
-2.50273
0.59173
-0.13606
0.44779
-1.95550
1.21551
-0.97514
-0.51446
-0.88606
0.96653
-1.95499
3.87615
-1.15969
-2.15842
-0.10920
2.16366
0.10921
1.21050
-0.87581
-0.45250
-0.96206
-0.69945
-1.38585
1.64711
1.38126
1.24487
1.90810
-0.66868
-0.44732
0.04885
-1.00040
2.45962
0.22892
0.77529
-0.19187
-1.07427
1.66116
-0.14848
1.09505
0.00979
-0.98939
2.54173
2.28586
2.43811
-0.88688
1.29139
0.82722
2.04884
2.91572
-0.87835
1.93003
-0.64853
3.04920
0.85049
2.96987
2.14392
2.29401
0.19913
2.39461
1.58615
0.86095
0.19886
1.83267
0.63247
-0.84616
1.40936
-1.78770
0.76937
-0.79355
0.37561
0.69746
0.52010
3.38962
-1.41427
-0.31047
1.64042
-2.48673
1.12696
0.69032
0.30289
1.90764
2.52907
-2.04852
1.04573
-1.90399
1.90099
1.22816
-0.50664
0.57979
1.72796
3.82305
-2.59846
-2.07726
-0.43084
-2.81299
0.40313
0.26446
1.07300
1.19066
-1.17529
2.15299
3.02173
2.55441
-1.26623
1.65774
2.26784
-0.79865
-0.38062
3.57806
0.77437
2.04262
0.56152
-0.14974
-1.32182
1.87400
1.10072
2.19065
0.36437
0.42370
-0.14886
-1.10126
0.26956
-0.39254
4.09621
2.05036
1.66130
-0.73416
4.16540
0.00845
-1.26041
-0.33152
2.81794
1.57026
1.86973
0.92269
2.84517
0.17936
0.42394
-3.84800
1.28190
0.46716
-0.29993
0.04368
2.60011
2.53641
1.55584
3.13131
2.77946
2.54856
0.60269
1.37685
0.30290
-0.92209
1.05342
1.31241
0.76982
0.07976
2.12753
1.10254
0.75327
2.65567
-2.75898
-2.13018
0.70448
0.31789
0.61372
-3.59004
1.45385
1.03161
-1.04253
0.10354
1.05675
1.95837
1.33658
0.85109
1.87233
1.51437
-0.06370
-2.64251
-1.36062
-0.59275
1.83407
1.90418
-1.19001
-2.17229
-0.34988
3.13242
3.71138
0.86953
-2.34570
-0.60445
-1.45254
0.55315
-0.84448
-0.66747
-1.42974
-2.05382
0.28326
1.98880
3.89561
2.95780
-0.10647
-1.48903
1.74020
-2.04051
-0.52868
0.67272
-0.11663
0.10316
-0.46240
0.89371
1.76106
0.27416
0.30805
1.63550
-0.50113
1.60583
-1.75387
3.49872
1.93125
0.19636
-1.05534
2.02774
-0.00240
2.20959
1.64592
1.96068
1.81469
2.84209
0.89065
-0.19787
-1.31321
0.23929
1.97956
1.53171
1.09558
-0.61138
-1.92202
2.34308
1.83632
-1.18621
-1.73355
0.60855
-2.31113
-0.60494
1.26492
2.96205
-1.15952
1.34574
0.23068
3.70074
3.20236
2.84380
1.61504
2.87860
-0.65684
0.57459
-0.73560
3.80658
3.98413
2.34401
1.00768
-1.65351
0.25638
0.24455
2.42554
-0.04240
-0.18186
1.07592
-0.84434
2.64718
1.58481
1.63862
-0.66802
-0.33032
0.61004
-1.12205
2.81888
0.21522
-1.86231
-0.67902
-0.44081
2.05347
0.77747
-1.41157
0.47552
2.43041
-1.00571
-2.49777
1.03379
0.18269
2.66823
0.61281
-2.17231
0.15429
1.57224
0.27513
-0.31069
0.24401
-0.33887
1.88844
-2.85905
-1.64119
1.04681
-0.90888
0.24068
2.05560
1.09316
-3.47214
-2.20543
0.46710
-2.21252
0.20371
2.57012
0.21979
1.04305
-1.28994
-1.12415
1.85968
-1.11393
-0.20366
-1.26806
-0.04261
-0.03236
-1.97510
0.18324
-1.24580
1.46221
1.02529
1.98645
1.14765
0.29379
2.82535
1.68832
1.51755
-2.50346
-1.99474
-1.07622
-0.80689
0.61107
0.91404
1.54297
1.40810
1.56833
-0.81103
2.08730
-1.07033
0.56014
-0.05503
3.34453
3.30956
-0.64505
0.10720
3.29186
-1.37913
-1.62155
2.86682
-0.24171
1.58278
1.14898
0.15968
0.96870
1.44932
1.33248
-1.00582
2.17455
-0.77390
3.07999
-1.72398
1.08937
0.37618
-1.47627
2.44093
-1.63015
-0.21335
1.76175
0.42722
1.89604
-2.11309
2.77263
-0.24559
0.37494
0.78209
-1.63373
-1.29944
1.16420
0.31224
-2.33535
1.14662
0.90111
1.12225
-1.20188
1.28689
3.93101
0.50149
1.04726
0.70689
0.98874
0.72623
0.11332
0.28334
-0.69323
2.61004
2.19644
2.30823
-2.76975
0.69597
-0.62322
-0.47003
0.40579
-0.40832
0.47963
-1.44428
-1.64256
0.23056
-1.71915
-2.91289
-2.79824
1.07525
1.18671
-3.07818
1.65508
1.37239
0.60210
2.14956
0.97452
3.02388
0.89311
0.78632
-0.22567
-0.12949
1.77395
0.76835
-0.51609
1.31854
-0.67001
3.40083
1.14615
1.77909
-1.08039
3.21020
1.95244
-0.98080
1.07635
-2.48865
-0.04049
2.13663
1.40939
2.32845
1.65312
-0.36362
-0.59337
-0.83979
2.90979
3.29989
0.74011
-0.16584
0.57494
3.13967
3.59293
2.97936
1.68785
-0.43468
0.36883
-2.18243
1.41973
1.16216
1.34911
-0.61110
1.81833
0.09594
1.70954
-0.34640
0.31326
0.92747
-1.53205
2.62194
2.93235
2.15309
0.30139
1.20256
-0.58179
-1.25277
0.83637
-2.64078
3.00787
-3.02137
-1.07353
-2.18564
2.20142
1.65174
1.33916
1.52822
0.92211
-1.24009
1.93495
-1.62504
-0.52849
-2.30964
-1.38379
-1.77077
-4.59792
-3.22978
-1.56459
-1.87533
-0.24568
2.49635
2.68784
-0.28357
1.15033
-0.53368
2.98438
-0.16368
-0.13467
2.50490
-2.35446
1.22870
-1.68778
1.79591
2.21938
1.01462
-0.60587
0.50301
0.18572
0.45367
3.24655
1.38144
0.31864
0.80449
4.05684
0.04285
0.15653
-2.23650
2.30051
-0.28017
2.01631
2.00814
-0.87301
-1.90917
1.47046
0.29921
-3.01538
-0.14595
-1.27075
0.44150
3.01804
-0.06505
2.26840
-0.55395
-1.44310
3.14339
1.40750
0.39592
-1.41680
1.19810
0.75821
0.77941
-1.29186
-0.28639
-0.04367
2.67301
2.44767
0.96290
1.67731
-0.21271
0.24502
-0.18530
3.40033
-0.93548
-0.48299
1.64351
-0.26528
-1.64163
3.53842
0.80070
-1.01343
-2.09902
-1.01950
1.00828
1.77030
1.81530
1.40545
1.41103
-0.35110
-0.10701
-1.58410
-0.18909
0.59739
0.13459
-1.32185
0.84607
2.03378
0.51888
1.88797
1.88854
-1.60273
1.33003
0.39997
-0.10052
1.03268
0.69076
-1.89718
-1.30705
0.17973
1.28316
-0.30634
2.14593
2.29982
-0.13871
-3.72483
-2.69481
0.98328
0.23766
0.82890
-3.29346
0.96958
0.74366
1.83968
1.48680
1.91158
-0.50073
1.71933
-2.84148
-0.10435
0.83181
1.08116
3.87736
2.59070
2.37681
-1.60253
0.32601
2.09253
2.58775
3.21343
3.10535
-1.11761
0.67141
0.88348
0.19424
0.23515
-0.11411
1.41358
1.25896
2.01338
-0.24200
0.20084
0.48678
1.62092
1.99830
-0.31533
-3.22593
2.87529
-0.81811
1.08795
1.54327
2.74148
-0.92764
-1.71223
-0.31961
1.02289
-2.56050
2.80030
1.13675
0.15832
2.05252
2.72985
0.16722
1.66124
-0.70339
2.61829
-0.68811
-2.53037
0.92834
-0.86573
0.17955
-0.89407
1.80943
1.39941
1.61780
0.00550
2.44505
0.32296
-1.34622
0.26757
0.06622
4.86942
1.19974
1.29492
0.18010
1.17773
1.34939
2.01487
2.93630
2.53618
1.14105
0.27876
0.61147
0.60919
1.86764
2.18500
-0.15423
1.93282
2.82261
0.91953
0.16110
1.72305
2.14370
0.00482
-0.07269
0.18685
1.54196
0.18614
0.31415
2.58686
1.31749
-0.62833
1.11731
1.51838
2.15504
-1.96048
-0.52309
0.52732
0.22862
1.51379
-0.13057
-1.14095
-2.61386
1.10365
-0.65124
0.18684
0.68498
0.58573
0.93909
0.96924
-0.05751
1.22263
-0.16782
1.16762
-0.23308
-3.08862
0.14538
0.41439
2.01265
-0.10227
1.83545
1.11236
-2.70867
2.62205
-1.07382
1.87210
4.08494
0.52876
3.66334
-0.84596
-0.66423
-1.79434
-0.83104
2.06060
2.88868
1.48053
2.47799
-2.84921
2.56420
0.26037
-1.00286
0.99235
0.09558
0.10432
-0.00108
-1.62557
-0.39778
-1.79080
2.08150
-2.48673
-4.82111
-0.91727
3.86887
1.58563
2.60709
0.24569
-0.11031
-3.41635
-0.33558
0.20613
3.54173
1.56266
-0.61670
-0.90082
0.15385
-1.83110
-2.13378
2.81428
1.70712
-0.64620
0.00839
1.80427
-0.00237
-0.83137
-0.80030
-0.93479
0.91936
0.36533
0.33134
2.72009
0.37442
1.36714
1.97021
2.22646
-0.50051
-2.89907
1.52822
-1.26668
-1.05122
2.63634
2.04056
-0.31605
1.04717
0.13155
0.72964
1.22695
0.09650
2.21863
1.74280
1.16576
-0.80274
0.23360
0.63835
0.85180
0.00585
0.68327
3.26246
-0.44386
1.66605
0.36139
-3.24903
-4.12166
-0.82620
0.23583
2.59610
1.73180
0.62878
2.35781
2.93715
2.06324
3.89937
3.48806
2.32756
3.93057
4.14765
0.44807
2.41279
1.26636
0.46193
2.19313
2.55821
1.24756
2.48647
-0.23744
0.55862
1.79140
0.25429
0.46883
0.84179
2.13781
-0.99145
1.47803
-0.47189
-0.26348
1.26875
0.69130
-0.80145
-0.15752
0.58568
3.07931
0.44328
2.27383
0.96582
2.70694
2.44251
2.42723
1.47990
0.36555
-1.08864
3.17752
0.09966
-0.09143
4.48321
0.73974
1.12524
-1.30211
-1.52251
2.55516
-0.70156
-1.25996
1.27446
-0.73022
-1.00866
0.74787
1.82632
0.49795
-0.24002
1.94562
1.42832
0.12430
-0.18337
0.94329
3.24203
3.54034
-2.47081
-1.77417
-0.50980
1.04860
-0.00277
1.05553
-1.19224
2.57460
-3.30350
3.64597
0.54092
1.19912
-0.35709
-1.09231
-2.52903
1.08015
4.60185
1.26901
1.82046
0.95727
-1.00164
1.86119
-2.45146
1.29397
-0.01649
2.50792
2.05257
-0.07508
3.44703
2.93730
3.28606
1.94564
1.61884
0.61553
-1.52604
1.43346
1.67715
2.28694
-0.92390
-1.08607
3.26007
3.64331
1.62496
1.91947
-1.84046
0.77577
0.45408
3.59151
-2.62917
0.08748
-0.60977
0.83466
2.65195
-0.07267
2.11194
-0.16817
2.40674
2.85180
1.37888
2.25497
-0.63659
0.65323
1.97421
0.52253
-0.51337
2.25659
0.00041
-1.31683
0.65615
-0.03523
-0.96576
-1.36345
-0.29210
1.21902
2.03298
0.94611
0.34670
0.55581
-0.47601
2.57340
2.08850
1.35533
0.72795
-1.04783
-0.12689
0.45648
2.23570
-0.52187
-1.44590
1.32650
0.93564
3.41410
1.53700
2.59197
2.67920
4.10357
-0.07477
-0.86905
1.59354
0.62120
1.58883
1.25235
-3.90024
1.84491
-3.30310
2.65675
1.75015
0.61000
-1.30790
0.50867
-0.00827
-0.46237
-2.14152
1.19915
1.26344
0.82985
-0.22960
0.25973
4.03492
0.63337
3.30563
0.32154
-0.41754
1.34038
-0.30714
-1.47858
0.00216
3.22971
1.84390
-0.52136
2.21636
1.89732
0.83788
-0.15057
1.11756
1.76469
1.76398
0.19188
0.98641
3.02352
0.73538
0.03003
-0.72074
2.47746
-0.58412
-2.08552
-1.82368
-0.25382
2.23064
1.09772
-0.08874
0.91877
-2.15143
0.42717
-1.87023
-0.19449
-0.59004
-1.19427
-0.48923
3.01094
2.61757
2.14717
-0.33552
-2.89610
-1.02568
0.08462
-2.87790
1.92986
-1.66994
0.02997
0.00621
5.67422
2.94553
1.12848
0.94294
0.53597
0.30666
1.82124
2.80237
1.66652
4.64862
-1.45142
-1.82160
1.24275
2.49611
2.95500
-2.51666
-1.15687
-0.75948
-0.40974
-0.05554
3.35892
-0.45184
-1.67135
-0.13467
0.13733
-0.13847
0.74641
-0.22233
-1.95682
-0.79396
0.13961
2.11915
2.40824
1.31863
1.42510
2.22438
1.74288
1.00006
-0.28829
0.18640
1.28649
2.69200
2.59098
2.70533
2.22663
0.99605
0.91125
3.37097
-0.20199
2.12254
-1.41388
-0.40271
0.80228
-1.95571
1.20509
0.16519
-0.54474
4.21195
0.04273
2.75414
-0.32228
-1.68656
-0.95121
-0.59828
-1.92719
-0.71437
1.28163
3.24646
-0.41226
-0.19836
0.99940
-1.40063
3.03668
0.63965
-0.46421
0.41881
-2.27224
0.15535
-0.01204
1.21211
0.26701
0.33912
-3.86306
-3.04588
0.96573
2.16682
2.58233
-0.44762
0.31037
-0.02743
1.48488
1.52645
-0.55257
1.01856
0.56211
