0.10623
-2.08213
-0.38056
3.20680
-0.72424
0.71950
-1.19213
-0.12727
-2.33007
1.92291
3.42820
0.88394
0.17856
1.01242
2.12490
1.52912
2.93234
0.21756
1.87634
0.92357
1.23355
2.41850
1.43885
-0.31721
0.66398
-2.22849
1.28484
2.54925
1.03459
-0.66542
0.12721
-2.20101
-1.25820
0.72206
-0.52454
-1.66226
1.81448
1.77949
3.46669
3.40643
-0.53060
-2.60703
-0.42128
0.53593
-0.33559
-2.38340
2.61045
1.34073
0.52300
0.57597
-0.60864
-1.80804
0.52615
0.92282
-1.17982
-1.77410
-0.29486
-1.33197
-3.44526
0.88314
-0.55651
-2.63644
-0.22322
1.84680
0.94968
2.40303
0.80899
-0.92809
0.76577
2.79632
1.59285
2.74917
1.42189
-2.09755
0.83871
4.74700
0.31705
2.54666
2.43955
2.42580
0.19695
1.69589
-0.62777
-0.51731
1.32316
1.63486
3.01410
0.76282
-0.45489
-0.21846
0.16264
1.04957
1.33942
-1.24855
-2.73759
-1.02287
1.14083
-2.63242
2.49268
-1.06788
0.41511
2.00195
-1.12596
0.59491
1.51528
0.49064
1.55021
3.31911
-0.50525
0.57118
0.42667
1.48329
0.09257
0.61399
-0.26554
-0.55548
1.20838
-0.63305
0.26287
-0.76924
2.94080
1.31369
2.24411
0.59553
2.34171
0.59357
2.06736
-0.61628
0.49223
0.18938
0.10563
0.26834
0.22950
1.93441
0.66933
0.62824
0.59592
0.62502
1.63957
1.98915
2.13132
1.31245
1.42844
-0.52462
0.71389
0.65049
1.42780
-1.05724
-0.20522
1.19092
-1.61977
0.06769
0.53723
-2.73178
-0.62359
-0.62692
-2.65669
-0.39495
0.01302
3.36930
2.60210
1.99072
-2.05371
-1.43821
-0.30529
-0.91986
-1.48198
0.75335
-1.81934
3.43564
2.06249
0.76758
-0.32243
2.99623
0.51946
-2.95485
-1.41922
-1.79600
2.36080
1.22999
1.19823
0.67251
-1.13487
2.93165
3.48268
3.23182
-0.59476
2.91155
0.16536
2.23356
4.07196
1.09851
1.74083
-1.48628
2.84494
0.31473
2.00434
1.12231
-0.21968
-1.54058
-0.61172
3.37729
1.66478
2.37509
0.92353
-1.15191
0.35066
0.23464
-0.09959
0.23719
-1.58752
1.02565
1.96412
0.54178
3.67452
1.38747
1.21486
1.84500
0.78183
1.34447
-0.16949
-0.96561
1.20455
0.58413
1.48921
0.50824
3.71126
3.01381
-1.11543
2.51778
-0.13255
-0.42394
-0.33667
1.44188
0.50299
2.23388
1.04296
-0.64945
0.05776
-0.34403
-1.31248
-3.15847
1.95506
0.88010
0.98581
-0.08360
-1.86785
3.23851
0.06191
1.12609
1.24657
-1.29175
-0.31856
1.12900
-0.33383
1.38958
-0.01461
0.14765
1.03775
-2.32147
-2.51190
-1.14965
1.07205
2.38329
0.04126
0.68488
-0.02539
2.22416
0.55825
-0.24579
1.16999
0.74222
2.67749
0.18108
-0.30166
-0.47281
-1.55866
0.26073
0.89673
3.69240
3.30836
2.42208
2.19932
0.33786
-0.32884
0.05348
0.48903
-0.02779
1.73872
1.84691
1.91212
3.62459
0.95875
1.62307
-0.71891
-0.18735
-0.64416
1.03405
-0.76844
-0.22398
0.68568
0.13201
-0.28384
2.24737
1.64385
-0.58351
-0.85180
1.09458
1.04002
-0.47871
2.37028
0.31638
0.53286
0.36809
0.27999
1.16288
3.35585
-0.52167
-0.29005
1.29421
4.07160
0.47126
1.87395
-0.92485
-3.16864
2.48257
-0.12705
2.74209
1.16537
-1.06578
-0.31910
0.82061
1.30179
0.39729
-3.28066
-0.83877
-1.11451
-1.69340
-2.97542
2.35728
2.61732
1.19157
-0.73243
-0.27192
0.39511
-0.51007
-1.58433
-0.25515
0.25753
1.06766
2.50013
-1.14817
1.20418
1.32420
0.83758
-1.70837
0.61784
0.39532
-0.34211
0.62745
-0.08485
-0.28619
-4.18979
0.10729
1.11933
1.34625
2.77357
0.48368
1.80985
2.37104
0.75795
0.43275
1.05345
1.50030
-0.58797
0.44049
0.11404
3.24042
2.04323
2.96426
2.73539
3.06598
0.87276
2.18629
0.92845
0.38646
2.24370
1.49358
1.97485
1.55958
2.10591
-2.33130
2.23883
3.88830
5.65692
1.03126
0.12979
-0.80078
-1.95237
0.61889
-1.05826
0.95187
-1.03499
-2.39040
1.65547
0.81686
-0.66031
1.62377
3.99771
3.28894
1.00017
0.13513
0.74077
1.71839
1.81151
-0.13684
-0.16884
-0.43657
-2.82725
-0.43180
0.92570
-0.27365
-0.08933
-0.44150
0.82464
0.84535
2.57356
2.20165
1.93159
0.39224
2.02336
1.16230
0.79662
0.02266
0.41618
3.63182
3.40075
2.93486
0.08526
-1.24865
0.02721
0.37379
-1.28996
-0.21049
0.62813
1.11157
0.99168
0.46795
2.88251
2.48361
1.90082
1.00057
2.48265
0.00808
-0.43981
0.84222
4.03856
1.27472
1.66590
4.43843
0.08965
-0.39954
2.40433
3.47083
1.33915
1.86419
-0.02475
1.36476
0.19533
-1.69191
-0.40774
2.09083
-0.56741
0.79004
0.53645
2.58562
0.58341
-1.65229
1.31912
-2.48801
0.51796
-1.55564
1.54118
-0.94000
1.02774
5.15405
0.71648
-0.43982
2.94780
1.87972
2.91110
0.99291
-1.09842
-1.02504
1.92381
3.20144
-0.70486
1.56559
-1.59991
1.53055
1.33899
0.48296
0.36874
-0.35774
2.81124
3.06634
2.24560
0.69677
-0.70745
-0.65189
2.08569
0.51626
-1.41705
1.60922
1.05617
0.68520
-0.18020
0.71547
1.03966
-0.12334
-1.69170
-1.41933
1.84418
-2.23050
0.03197
1.16483
1.98403
-2.19838
-0.02031
-4.26554
-1.74720
-0.15528
-0.74879
-0.34498
0.23811
1.65710
0.65171
-1.73291
-1.56052
-0.23366
-1.32645
0.73281
-1.11283
1.29943
0.84919
0.11303
1.17604
0.48641
2.70993
3.75709
0.23973
0.92414
2.10214
-0.57362
-2.35061
-0.58829
2.41493
-0.71385
-0.84067
3.56654
0.89104
0.65754
-1.12725
-1.08464
0.18547
-2.66904
-0.37352
-0.18566
-0.58153
-0.32278
-0.22789
-1.90217
-3.20856
0.55262
1.38077
0.62646
-1.78328
0.05724
1.24668
1.85702
0.94216
0.24225
0.45148
2.64460
2.59822
1.37109
2.04058
0.89021
1.06051
2.72313
0.06071
1.40008
0.49481
1.17126
1.85618
0.94923
2.18936
1.29621
0.00787
-0.17069
2.75144
3.19792
2.15755
-0.71089
0.26795
-1.17949
-0.23306
-0.33206
1.96913
1.92612
1.12853
3.52975
2.56186
-3.28138
-0.06820
-0.16248
0.92889
-0.73982
-0.08985
-1.41835
0.91683
0.48932
2.81145
1.16052
1.74686
1.73612
0.50150
1.45674
-0.13732
-0.78064
-0.52262
1.84137
-0.75300
2.37157
0.69334
0.87880
0.01632
1.64484
-1.51822
-0.67095
2.96791
1.37884
0.42423
2.23500
0.30183
2.18507
2.25184
2.91540
0.15298
1.23969
1.67815
1.60556
-1.01423
-0.87110
-1.10833
1.50211
-0.05365
0.28668
-0.99397
0.17670
-0.27025
-3.52313
1.49270
0.42246
2.12836
1.62719
-0.03461
-1.06261
-1.29255
3.14039
0.92417
-0.59354
-0.99884
-1.47863
1.19739
-4.18286
1.67859
0.54732
-0.52319
3.66443
1.73046
1.49397
0.94768
2.00003
0.21605
2.35047
-1.86138
-0.62215
3.88841
3.92713
1.45386
1.79152
-0.67121
0.89749
3.04409
4.33790
1.50587
-0.30338
1.55182
-0.54962
2.30026
-2.01842
0.58646
-1.41006
-1.58754
-0.57744
0.32355
0.75879
-0.22074
1.66337
0.55977
-0.66839
0.83356
-0.72922
-1.37357
-0.95773
-0.32984
0.34900
0.66902
1.61251
-0.62135
1.32696
1.84765
2.81402
0.23262
1.91348
-0.35970
1.75724
0.22978
2.04350
1.69383
2.67645
3.50671
-0.27886
-3.20444
-1.49413
-5.87292
0.27835
-0.78168
-1.16095
-2.05053
0.81443
-0.53943
0.53213
-0.61617
-2.86648
0.95116
-1.22984
0.99794
-1.55357
2.81315
-0.96087
1.61074
1.44816
1.23409
3.68885
-2.47823
-1.80337
2.08533
-1.60326
1.82910
1.72678
1.05211
-0.20041
1.54630
2.50875
3.09062
2.20166
0.69252
0.52053
-0.92161
1.24048
-0.38880
0.52613
3.50471
-4.01944
0.57295
2.55000
3.67875
2.61303
-0.16867
-1.64639
3.13104
-0.61430
-1.05587
0.41727
1.64134
-0.10027
0.15892
-0.12060
0.71711
0.97866
-0.19193
-0.51515
-0.64851
3.33808
0.45606
-1.39664
-0.09206
1.49526
0.56682
1.90658
1.14535
3.58711
1.74270
0.49786
2.65957
1.09071
-2.94580
0.61048
-0.36416
-0.03245
-1.36757
1.67623
-1.44369
0.60399
-1.98103
3.31591
3.61246
-0.67025
1.17690
-1.75210
-1.67760
1.89565
0.25006
0.76366
-1.17696
-1.07095
-0.10088
1.09106
-0.89924
1.94402
0.66415
-0.43702
-0.81642
0.96219
2.59414
-1.77404
-1.51292
-0.17904
-1.73986
-1.28281
0.57203
-0.40980
-2.02678
-0.55919
-0.94295
1.18819
0.42283
-0.09840
0.32657
1.99668
0.14432
-0.07668
1.30963
0.59428
1.75286
2.64028
-1.30231
-2.58417
0.29449
4.47206
1.57916
-0.01515
1.63282
1.69930
4.85478
0.32005
1.22445
3.46807
2.52752
1.31302
1.31227
2.90522
2.50023
2.10756
0.70388
2.12364
0.25364
0.97539
0.09880
3.38580
3.37731
4.32894
-0.90025
0.75123
2.29904
3.62645
0.55050
1.21563
2.19019
2.45153
-0.28290
-0.13682
1.21793
-0.08441
0.49572
1.51149
1.05715
-0.54449
1.21146
1.02018
-0.96026
-2.08425
-1.83021
1.30097
0.48653
0.07636
-0.19414
0.07880
-1.20029
0.54588
1.14255
1.57477
0.52309
-0.87735
-2.20559
-0.48687
-1.42180
-2.31059
-0.75062
-0.27474
-0.05638
1.18990
-0.30424
4.24908
4.09892
0.95153
1.37476
-1.95828
0.19164
-0.52441
-0.34295
-1.52391
-0.69686
-1.19618
-1.38820
-0.42218
-0.26152
1.74884
2.09908
0.68361
1.39087
2.70292
1.26575
-3.45591
-1.97584
1.91845
0.29974
1.41336
1.41582
2.63560
1.67949
3.37167
4.25423
-0.70022
-0.41830
1.39575
1.04742
1.09200
0.07676
0.30698
1.01708
1.03219
0.12159
0.44342
0.74603
-1.25377
1.03734
2.34389
-1.93485
0.26553
-0.15602
1.32041
0.06097
0.26974
1.43250
0.88570
0.59610
-0.38866
4.69256
0.62412
-1.22840
0.70172
-0.58279
2.96775
1.16044
-2.10815
3.56241
1.05329
3.05082
0.30414
1.17249
0.25111
0.03094
0.09644
1.45355
-2.15127
0.76447
-1.77124
2.68752
1.32165
-0.02715
0.95054
-1.47250
-1.66969
2.40099
0.18220
-1.69411
-4.09568
-1.63372
-1.57148
0.90346
4.36439
4.11018
1.06755
3.42495
-1.03055
1.68964
-0.16438
1.59680
-0.49505
3.32492
2.98053
0.96653
0.81965
-0.80400
0.91434
-0.14790
2.26373
2.25936
0.38526
-0.71193
2.86124
2.71047
1.47425
-0.25162
-2.38459
-2.31530
1.76551
1.40630
-0.62455
-0.75911
1.45438
2.01808
0.15634
-0.90366
1.26583
1.55675
0.19318
1.86643
-0.28494
0.53712
2.10707
0.29198
2.59843
1.81540
1.84479
1.61778
-1.04554
-0.16763
1.52699
1.73229
0.84448
-0.13109
-1.13693
-1.58360
-1.39599
1.38775
0.22132
-0.63467
-1.03439
-0.43460
1.88586
2.76189
-0.74471
-0.90505
2.61645
-1.96402
1.51945
1.83832
3.60659
3.95189
2.44597
0.38173
1.17148
1.68580
2.07857
1.17959
2.01175
3.63941
3.15781
0.33235
0.47817
-0.97335
5.49392
-1.97918
-0.63140
3.85990
3.89668
3.35616
-2.86451
3.78744
0.00604
0.19673
0.94442
1.88329
0.16086
-0.71839
1.68865
-0.11792
3.14159
3.69245
3.91550
1.69529
2.41657
1.92810
-1.04626
0.84482
-0.95362
1.97447
-2.38735
-2.70169
-0.75354
1.35810
0.89597
3.62619
2.18988
1.03696
0.27257
-1.50092
-3.41470
-1.39465
-1.56446
6.51772
6.00865
2.50317
-3.34792
0.96680
-0.14601
-0.32660
1.84146
-0.48573
1.20775
0.69464
-0.73995
0.80061
0.56261
0.43915
-0.48907
1.21782
-0.11526
0.97838
1.22925
-0.21117
-0.57053
-0.36826
-0.68751
-1.09763
0.45774
4.17387
1.94325
-0.23199
-0.59744
0.09646
1.58899
-1.16789
2.65892
0.27558
3.55446
2.66348
0.43840
5.63204
2.07774
2.58135
2.77342
-1.74876
0.39164
2.40092
-0.56376
0.33039
2.28416
1.56482
-2.02650
1.96689
2.45205
1.02222
0.87975
0.33329
-0.39991
-0.48046
4.31332
-0.06185
3.18368
1.65336
-0.95001
-0.73216
2.80193
-0.32149
-1.04863
0.47381
0.19210
-0.16856
-2.18275
-0.16263
0.32330
0.71483
1.19999
-2.52361
2.48648
0.81960
-2.85455
0.49633
-0.24979
-1.98235
-5.97403
-2.95023
-0.89922
3.06558
1.28786
-0.11964
-3.08199
-0.96516
-1.47385
-1.03855
0.10945
0.21877
-0.19156
1.35414
0.02687
0.03819
-1.00855
3.41001
1.85961
1.34517
-0.57196
0.26653
4.35907
3.73199
-0.50528
-1.26446
-1.88284
-3.80998
-0.78365
1.14381
1.79803
-0.09842
-1.28372
-1.20275
0.05974
3.49946
1.42125
1.75431
3.19614
0.79599
0.10786
-2.78331
-1.31296
1.67595
-0.82934
-0.32628
0.61233
2.01945
2.55263
0.22093
2.64194
0.13126
-0.30506
-1.18286
-0.53946
3.37177
3.88847
-2.79881
2.69835
0.40139
-0.92430
2.37005
1.09197
0.23154
-1.34409
0.71789
-1.42740
-1.95701
0.95256
1.49636
-1.04558
1.03035
0.56382
1.98719
0.49660
-1.66223
-3.88265
-1.14484
2.46785
1.84668
1.81495
1.26949
2.24092
0.20298
-1.27916
-1.25339
-3.84259
-1.70732
0.25879
4.40797
-0.84711
-2.08029
0.09641
0.53862
0.35973
-1.30296
0.71956
-2.92010
-0.60690
-1.08879
0.73044
2.05971
0.32012
0.79677
-0.46633
1.99333
1.09859
-0.39443
2.95254
0.84129
0.95181
1.12130
0.81536
1.69478
1.30563
-0.41050
0.52145
-0.63443
0.27319
-1.01656
3.50440
1.94654
2.80542
0.81083
0.40593
1.24411
1.46639
1.70193
1.74471
2.89426
2.03481
1.39604
3.06500
2.46579
-0.17240
0.92372
2.04449
2.71044
2.53255
1.61678
1.31626
1.15263
1.93300
3.45778
5.16647
-1.85557
2.35223
3.33646
0.46236
2.52520
-1.27524
-1.67589
-1.01563
0.19749
1.03521
3.55007
1.49386
1.18071
1.12242
0.39890
-2.58988
2.25607
1.39336
1.94654
0.09312
-1.96361
2.50171
3.70468
2.15455
1.39066
0.76727
1.76508
0.41454
-0.40543
-0.41157
-2.61226
-0.73484
1.30933
0.17911
1.23330
-0.54144
2.59769
-1.11943
-2.28562
-0.64644
0.93997
2.75609
0.08894
1.33588
0.76735
1.29759
1.43489
1.23975
1.25741
-0.16738
