6.191241145133972168e-01
3.086715340614318848e-01
6.173434853553771973e-01
4.808354973793029785e-01
3.321609497070312500e-01
1.169205188751220703e+00
1.045610189437866211e+00
8.721407055854797363e-01
4.224060177803039551e-01
7.881931066513061523e-01
1.714231222867965698e-01
1.382814943790435791e-01
4.799151122570037842e-01
1.596932411193847656e+00
5.168194174766540527e-01
3.328675925731658936e-01
-2.094289213418960571e-01
7.576781511306762695e-01
-4.516258537769317627e-01
-1.955137997865676880e-01
1.165352582931518555e+00
7.567961812019348145e-01
8.657721877098083496e-01
5.505831241607666016e-01
9.946557283401489258e-01
5.578596591949462891e-01
3.069041967391967773e-01
2.515020966529846191e-01
4.024120271205902100e-01
6.170320510864257812e-01
5.204699039459228516e-01
7.287364602088928223e-01
1.035100460052490234e+00
3.123994171619415283e-01
1.281329631805419922e+00
9.465126395225524902e-01
6.284013390541076660e-01
2.423936873674392700e-01
-3.725839853286743164e-01
5.745900273323059082e-01
1.481280326843261719e-01
5.545771718025207520e-01
9.668085575103759766e-01
3.450258076190948486e-01
4.260090589523315430e-01
6.022613048553466797e-01
6.748300790786743164e-01
3.855130970478057861e-01
7.421924471855163574e-01
7.003691792488098145e-02
-7.823040485382080078e-01
6.326074004173278809e-01
2.565210461616516113e-01
9.575383067131042480e-01
1.519593358039855957e+00
7.653321623802185059e-01
2.482429146766662598e-01
6.485884785652160645e-01
3.462496399879455566e-01
3.611578345298767090e-01
1.236562967300415039e+00
6.121373176574707031e-01
2.977639436721801758e-01
9.435611367225646973e-01
1.386819124221801758e+00
1.335966229438781738e+00
-6.196619197726249695e-02
1.292164325714111328e+00
9.083268046379089355e-01
5.671657919883728027e-01
6.983919739723205566e-01
3.446360230445861816e-01
5.009467601776123047e-01
5.654831528663635254e-01
3.844039440155029297e-01
4.810679256916046143e-01
7.728871703147888184e-01
4.600358903408050537e-01
4.833478033542633057e-01
4.848168194293975830e-01
4.489154517650604248e-01
4.482843875885009766e-01
6.481537818908691406e-01
4.788547754287719727e-01
5.477671027183532715e-01
9.770332574844360352e-01
4.634783864021301270e-01
5.839027762413024902e-01
1.044711589813232422e+00
7.147408276796340942e-02
6.261570453643798828e-01
-4.892664849758148193e-01
6.138755679130554199e-01
1.795895397663116455e-01
-2.326036095619201660e-01
5.025882273912429810e-02
-4.735302552580833435e-02
6.741138100624084473e-01
-7.742218375205993652e-01
5.391762852668762207e-01
6.919105052947998047e-01
-6.877442002296447754e-01
-9.343593716621398926e-01
-5.315508842468261719e-01
2.172748595476150513e-01
4.088068306446075439e-01
8.308131694793701172e-01
4.160984456539154053e-01
6.838033795356750488e-01
-7.497981935739517212e-02
-1.400859206914901733e-01
1.550304442644119263e-01
1.144586563110351562e+00
1.015944004058837891e+00
1.211902379989624023e+00
-9.587843902409076691e-03
8.799250125885009766e-01
6.889876127243041992e-01
6.133524775505065918e-01
4.574764668941497803e-01
3.207450807094573975e-01
4.274793565273284912e-01
9.451260566711425781e-01
7.129367589950561523e-01
6.894329190254211426e-01
5.199649930000305176e-01
4.558368027210235596e-01
5.359458327293395996e-01
5.319514870643615723e-01
4.675966501235961914e-01
4.933727383613586426e-01
3.894787728786468506e-01
5.582256913185119629e-01
3.304974436759948730e-01
5.725484490394592285e-01
4.451533854007720947e-01
1.115520358085632324e+00
8.250664472579956055e-01
1.095849275588989258e+00
1.714789718389511108e-01
5.987125039100646973e-01
7.683270573616027832e-01
7.669589519500732422e-01
-3.674226701259613037e-01
8.842315524816513062e-02
-4.302171766757965088e-01
1.164118766784667969e+00
5.350190997123718262e-01
9.325158596038818359e-01
2.134363651275634766e+00
7.934350967407226562e-01
7.410366535186767578e-01
6.000880002975463867e-01
5.909398794174194336e-01
-8.358354866504669189e-02
-1.092443540692329407e-01
5.839526057243347168e-01
7.267288565635681152e-01
8.085683584213256836e-01
1.293790221214294434e+00
-3.981635570526123047e-01
1.520982623100280762e+00
1.040608644485473633e+00
2.836408615112304688e-01
3.215000033378601074e-02
5.067667961120605469e-01
-3.971223533153533936e-01
1.356237888336181641e+00
-5.655293911695480347e-02
6.391261219978332520e-01
5.704603791236877441e-01
5.109891891479492188e-01
1.430333495140075684e+00
-1.110633015632629395e+00
1.556869626045227051e+00
-3.654401376843452454e-02
4.570144414901733398e-01
5.837781429290771484e-01
4.303515553474426270e-01
5.147794485092163086e-01
8.555372357368469238e-01
4.882837533950805664e-01
-2.961885035037994385e-01
1.051257103681564331e-01
-1.713268160820007324e-01
4.711841344833374023e-01
4.691518843173980713e-01
3.914991915225982666e-01
9.771511554718017578e-01
-6.897952556610107422e-01
-4.628430902957916260e-01
-2.621072530746459961e-01
-1.135471910238265991e-01
7.686458230018615723e-01
2.696264505386352539e+00
6.294088959693908691e-01
5.927316099405288696e-02
5.385812520980834961e-01
2.174208909273147583e-01
6.475861072540283203e-01
4.307816922664642334e-01
5.309533476829528809e-01
7.171505093574523926e-01
3.726190626621246338e-01
3.770323395729064941e-01
6.864778399467468262e-01
5.265948176383972168e-01
5.323038697242736816e-01
9.392857551574707031e-02
1.325318932533264160e+00
-5.486711859703063965e-01
5.314871668815612793e-01
1.036406040191650391e+00
5.994293689727783203e-01
1.457320928573608398e+00
1.746943593025207520e+00
1.432101726531982422e-01
7.614654898643493652e-01
3.175070583820343018e-01
6.251469254493713379e-01
5.237300395965576172e-01
4.332820475101470947e-01
5.487160682678222656e-01
6.321852803230285645e-01
7.131115198135375977e-01
5.639069080352783203e-01
5.379524827003479004e-01
2.278038412332534790e-01
5.497960448265075684e-01
5.671684145927429199e-01
4.499232470989227295e-01
4.887693226337432861e-01
8.989801406860351562e-01
2.636807560920715332e-01
4.177371263504028320e-01
5.913866758346557617e-01
4.387749731540679932e-01
5.164842009544372559e-01
2.587785124778747559e-01
5.194733738899230957e-01
6.077507734298706055e-01
4.653149843215942383e-01
5.113275051116943359e-01
5.521233081817626953e-01
4.796280264854431152e-01
4.890373647212982178e-01
4.457287490367889404e-01
4.937645494937896729e-01
3.970735669136047363e-01
5.655821561813354492e-01
4.811017215251922607e-01
4.874230027198791504e-01
6.194719076156616211e-01
5.724771022796630859e-01
5.821654796600341797e-01
4.646227359771728516e-01
4.783786535263061523e-01
4.678150713443756104e-01
4.731889069080352783e-01
4.750772714614868164e-01
4.217244684696197510e-01
4.509249031543731689e-01
5.234000086784362793e-01
4.471390843391418457e-01
5.348909497261047363e-01
5.456061363220214844e-01
4.206519424915313721e-01
4.772711098194122314e-01
9.975014328956604004e-01
6.446613073348999023e-01
4.101045727729797363e-01
4.710038304328918457e-01
4.648341834545135498e-01
3.939161300659179688e-01
4.140121638774871826e-01
5.303598642349243164e-01
4.979056715965270996e-01
4.493428468704223633e-01
5.419317483901977539e-01
4.617801606655120850e-01
5.029372572898864746e-01
7.117989659309387207e-01
4.822359681129455566e-01
4.688477218151092529e-01
5.274421572685241699e-01
4.985413253307342529e-01
4.756737053394317627e-01
4.718996882438659668e-01
5.942656993865966797e-01
7.354404330253601074e-01
5.726010203361511230e-01
4.075384140014648438e-01
4.977669715881347656e-01
4.665237963199615479e-01
4.315851330757141113e-01
4.647572040557861328e-01
4.835134148597717285e-01
5.009543895721435547e-01
5.881521105766296387e-01
4.809795320034027100e-01
5.427999496459960938e-01
4.837367832660675049e-01
3.699308633804321289e-01
8.887324333190917969e-01
5.225571990013122559e-01
2.975574135780334473e-01
4.346071779727935791e-01
5.168787837028503418e-01
4.782157242298126221e-01
4.411365389823913574e-01
5.102015137672424316e-01
5.104770660400390625e-01
5.167564153671264648e-01
4.126339256763458252e-01
4.614045321941375732e-01
5.477800965309143066e-01
4.415161311626434326e-01
4.521022439002990723e-01
4.614110589027404785e-01
5.251959562301635742e-01
5.403397679328918457e-01
5.127000212669372559e-01
5.202000141143798828e-01
7.336577773094177246e-01
4.879008531570434570e-01
5.819007754325866699e-01
7.174358367919921875e-01
4.736571907997131348e-01
5.862626433372497559e-01
4.549987316131591797e-01
5.537756681442260742e-01
5.734047293663024902e-01
7.312874794006347656e-01
2.949516177177429199e-01
4.851665198802947998e-01
1.020556211471557617e+00
5.100355148315429688e-01
3.489562571048736572e-01
5.829308629035949707e-01
5.385410785675048828e-01
3.979373872280120850e-01
4.372779130935668945e-01
6.683279871940612793e-01
5.762415528297424316e-01
5.024971365928649902e-01
4.250079393386840820e-01
4.138076603412628174e-01
4.132219552993774414e-01
4.315858781337738037e-01
5.075212121009826660e-01
4.229467809200286865e-01
4.350067675113677979e-01
4.805713891983032227e-01
4.479147195816040039e-01
4.721075892448425293e-01
6.070468425750732422e-01
4.629983901977539062e-01
8.518754243850708008e-01
5.672105550765991211e-01
6.525731086730957031e-01
7.228118777275085449e-01
8.516045808792114258e-01
3.798640072345733643e-01
5.467848777770996094e-01
4.618155658245086670e-01
7.887365221977233887e-01
5.474578142166137695e-01
4.512953758239746094e-01
4.238303005695343018e-01
5.914662480354309082e-01
7.363351583480834961e-01
4.352747201919555664e-01
5.491089820861816406e-01
5.590100884437561035e-01
6.912687420845031738e-01
5.392497777938842773e-01
5.161951184272766113e-01
5.815393924713134766e-01
7.074556946754455566e-01
5.844153165817260742e-01
5.275909900665283203e-01
4.168592095375061035e-01
5.406749248504638672e-01
5.529139637947082520e-01
5.091210603713989258e-01
4.765369892120361328e-01
5.577022433280944824e-01
4.645755290985107422e-01
4.829627275466918945e-01
3.966803848743438721e-01
3.928682506084442139e-01
3.977952599525451660e-01
4.778144359588623047e-01
4.579561948776245117e-01
3.765558004379272461e-01
4.939419031143188477e-01
5.331894755363464355e-01
5.917014479637145996e-01
5.784679055213928223e-01
3.624121844768524170e-01
4.997759759426116943e-01
4.690648913383483887e-01
5.252858400344848633e-01
6.944674849510192871e-01
6.605100035667419434e-01
3.264209032058715820e-01
6.432343125343322754e-01
5.329895615577697754e-01
5.746508240699768066e-01
5.505841374397277832e-01
9.301913976669311523e-01
3.280085623264312744e-01
4.362803697586059570e-01
4.749911129474639893e-01
5.047256350517272949e-01
4.748083651065826416e-01
5.396841764450073242e-01
4.312282800674438477e-01
7.621904015541076660e-01
8.514609336853027344e-01
5.392078757286071777e-01
2.810916006565093994e-01
5.650166869163513184e-01
5.068432688713073730e-01
6.108263731002807617e-01
1.157137274742126465e+00
6.725214719772338867e-01
2.587648928165435791e-01
4.313025176525115967e-01
5.240459442138671875e-01
5.605916380882263184e-01
7.134587168693542480e-01
5.001295208930969238e-01
5.140969753265380859e-01
4.906446039676666260e-01
5.432845354080200195e-01
6.011554002761840820e-01
5.711933970451354980e-01
6.616503000259399414e-01
5.161755084991455078e-01
5.128357410430908203e-01
5.152701139450073242e-01
3.756186366081237793e-01
5.215178132057189941e-01
2.083635777235031128e-01
5.465927124023437500e-01
5.501650571823120117e-01
5.011469125747680664e-01
5.529225468635559082e-01
5.603278875350952148e-01
4.851883351802825928e-01
1.718332469463348389e-01
6.327494978904724121e-01
7.108798623085021973e-01
6.135258078575134277e-01
4.366982877254486084e-01
4.600608646869659424e-01
6.138677597045898438e-01
4.153342843055725098e-01
5.109200477600097656e-01
5.412030816078186035e-01
4.244633316993713379e-01
5.136858820915222168e-01
8.737500309944152832e-01
5.438053607940673828e-01
7.057821154594421387e-01
5.689494013786315918e-01
7.052994370460510254e-01
4.799495935440063477e-01
4.682413041591644287e-01
5.255241394042968750e-01
2.375876754522323608e-01
5.128169059753417969e-01
4.008592665195465088e-01
5.437203645706176758e-01
5.546364784240722656e-01
4.738879501819610596e-01
5.178403258323669434e-01
5.557300448417663574e-01
4.733552932739257812e-01
7.662282586097717285e-01
3.378685116767883301e-01
5.912637114524841309e-01
4.152092337608337402e-01
5.793586969375610352e-01
3.778521418571472168e-01
9.920095205307006836e-01
1.219857931137084961e-01
4.978460371494293213e-01
3.144833147525787354e-01
5.604546070098876953e-01
6.338670849800109863e-01
6.681617498397827148e-01
5.843833088874816895e-01
3.979707658290863037e-01
3.938438594341278076e-01
4.338971674442291260e-01
5.298713445663452148e-01
4.984223246574401855e-01
5.769823193550109863e-01
4.980065524578094482e-01
4.474385678768157959e-01
5.328361392021179199e-01
7.595586776733398438e-01
5.523681044578552246e-01
4.965230822563171387e-01
4.558002352714538574e-01
5.518877506256103516e-01
7.336723804473876953e-01
5.981549620628356934e-01
5.803391933441162109e-01
5.141888260841369629e-01
5.102890133857727051e-01
4.993216991424560547e-01
6.722044944763183594e-01
6.168615818023681641e-01
4.837685227394104004e-01
5.836967825889587402e-01
9.257911443710327148e-01
3.330949842929840088e-01
4.520322680473327637e-01
4.494376480579376221e-01
4.640857279300689697e-01
5.924329757690429688e-01
5.175219178199768066e-01
4.849201142787933350e-01
4.266409277915954590e-01
4.656172096729278564e-01
5.270252227783203125e-01
5.107409358024597168e-01
6.692417860031127930e-01
2.842287123203277588e-01
4.277173280715942383e-01
5.326389074325561523e-01
5.233083963394165039e-01
4.701018631458282471e-01
4.565050601959228516e-01
5.142768621444702148e-01
2.091449946165084839e-01
3.110774159431457520e-01
4.674713015556335449e-01
5.044806599617004395e-01
5.265380740165710449e-01
5.173902511596679688e-01
5.885093808174133301e-01
5.027400851249694824e-01
5.468869805335998535e-01
4.128240644931793213e-01
3.258544802665710449e-01
4.300158023834228516e-01
5.472780466079711914e-01
5.382307767868041992e-01
4.329167604446411133e-01
5.437020063400268555e-01
6.453819274902343750e-01
4.038737118244171143e-01
5.359209179878234863e-01
6.728581786155700684e-01
5.261877179145812988e-01
5.295058488845825195e-01
5.238493084907531738e-01
4.577064812183380127e-01
5.817149877548217773e-01
4.827923476696014404e-01
5.797277688980102539e-01
8.599256873130798340e-01
9.494922161102294922e-01
8.038645982742309570e-01
8.177686333656311035e-01
6.686387062072753906e-01
6.460404992103576660e-01
4.121481776237487793e-01
4.473167657852172852e-01
5.151480436325073242e-01
4.007782638072967529e-01
3.915945589542388916e-01
4.096437096595764160e-01
4.515753090381622314e-01
3.771219849586486816e-01
5.162147283554077148e-01
4.924215078353881836e-01
6.253981590270996094e-01
4.783835113048553467e-01
4.411752521991729736e-01
4.740933179855346680e-01
6.144324541091918945e-01
6.867482066154479980e-01
4.363050162792205811e-01
6.918283700942993164e-01
2.364799737930297852e+00
3.515669703483581543e-01
1.291365861892700195e+00
4.663749039173126221e-01
5.670387744903564453e-01
6.058503985404968262e-01
5.188523530960083008e-01
6.163092255592346191e-01
-5.460691172629594803e-03
1.494883298873901367e-01
4.958600401878356934e-01
7.770967483520507812e-01
1.526445865631103516e+00
1.489468693733215332e+00
4.645656943321228027e-01
5.102682709693908691e-01
1.295516848564147949e+00
1.112037301063537598e-01
-6.355361640453338623e-02
1.464885592460632324e+00
3.649872541427612305e-01
6.076149940490722656e-01
8.066915869712829590e-01
4.445887729525566101e-02
1.173682212829589844e+00
9.230015277862548828e-01
4.364705383777618408e-01
-1.002577766776084900e-01
3.361824452877044678e-01
3.893250524997711182e-01
9.012433290481567383e-01
7.617958188056945801e-01
1.169809341430664062e+00
4.819666743278503418e-01
-8.313314914703369141e-01
7.931962013244628906e-01
-6.505315899848937988e-01
7.191429138183593750e-01
-1.690166294574737549e-01
7.015334963798522949e-01
1.344779580831527710e-01
2.359891891479492188e+00
5.479441285133361816e-01
1.261582255363464355e+00
2.158750772476196289e+00
-2.697578668594360352e-01
1.290846586227416992e+00
2.730659008026123047e+00
-1.887207180261611938e-01
1.599943280220031738e+00
2.082555294036865234e+00
-2.237330004572868347e-02
1.300107121467590332e+00
-2.714948058128356934e-01
7.374668717384338379e-01
1.555057644844055176e+00
