0.17766
-0.04012
0.05748
-0.06114
-0.10660
-0.35364
-0.45944
-0.43180
0.68503
0.25050
0.36250
-0.18213
0.09447
-0.14241
-0.31700
-0.33164
-0.85574
0.30383
-0.20262
0.00629
0.70316
-0.38237
0.24688
0.66457
0.33607
0.06472
-0.27216
0.36709
-0.04753
0.18800
0.29715
-0.13701
-0.17747
0.31524
-0.53011
0.35360
-0.24775
-0.39966
0.37573
-0.04181
0.41389
0.28639
-0.61139
0.06962
-0.50381
0.35875
-0.26970
-0.14415
0.24173
0.15518
0.10611
0.72553
0.42349
0.46991
-0.06827
-0.14269
0.54537
0.28435
0.14405
0.05955
0.33114
-0.09722
-0.08939
0.14670
-0.16791
-0.19673
0.72838
0.61314
-0.07124
0.61890
0.15828
-0.21175
-0.28462
0.13063
-0.36936
-0.46694
-0.15855
0.04566
-0.11967
0.21923
-0.03697
0.35971
-0.11315
0.09528
-0.02980
0.22346
-0.45098
0.42305
0.05409
-0.12729
-0.01037
0.21344
-0.53680
0.52511
0.05649
0.30856
0.11698
0.01986
0.29789
-0.16068
-0.96231
-1.17667
-0.05310
-0.19325
-0.38255
-0.88617
0.91988
-0.28773
0.22966
-0.02079
0.11734
-0.57276
-0.67793
-0.61048
-0.51028
-0.57312
-1.06080
-0.01953
-0.65796
-0.18643
0.10535
0.29198
-0.08280
-0.33495
-0.23672
0.92767
0.89768
0.27038
0.01748
0.06140
-1.31430
-1.50440
0.84934
-0.38957
0.45893
-0.30931
-0.14774
-0.19358
-0.44696
-0.58668
-0.30654
0.23388
0.24584
-0.69095
-0.67910
0.42493
-0.32854
-0.01374
-0.13352
-1.09871
-0.43644
-0.77412
-0.65511
-0.23418
0.35785
-0.02483
-0.05876
0.46026
0.21510
-0.58570
0.05717
-0.18428
-0.40419
0.37965
0.39797
0.15254
0.46814
-0.40369
0.43516
0.21080
0.27077
0.58124
-0.39089
-0.28354
0.11438
0.09235
0.32439
0.10024
0.47523
0.51511
-0.00418
-0.36172
-0.25135
-0.01668
0.38737
0.41294
-0.32292
-0.45066
0.03496
-0.47171
0.14260
0.64329
0.44458
-0.36247
-0.09200
0.09708
-0.15120
-0.80123
-0.86926
-0.98238
-0.08657
-0.02898
-0.13181
-0.00423
0.44281
-0.11762
-0.01173
-0.13129
-0.88905
-0.11636
-0.32374
-0.27587
-0.25338
-0.04071
-0.18918
-0.21611
-0.44991
0.22118
0.44437
-0.28400
0.23645
0.95555
1.14543
0.01822
-0.40589
0.40662
0.11249
0.81734
0.07329
-0.19707
-0.50375
0.54672
-0.27706
1.16431
0.51100
0.48051
0.51672
1.02686
0.07953
0.04468
-0.08449
-0.08399
0.29390
0.33560
-0.17171
-1.01296
0.12294
0.25007
0.28416
0.00595
0.40443
-0.01532
-0.31926
-0.51905
0.37069
-0.26473
-0.67129
-0.55837
-0.32017
-0.66760
0.29385
0.76202
0.17115
-0.00212
0.27804
0.83742
-0.23043
-0.23570
0.03696
0.60942
0.33667
-0.46093
0.13401
0.38188
-0.50990
0.11942
0.26717
-0.31891
0.23399
-0.06371
-1.18632
0.59594
-0.55169
0.08630
-0.66429
0.09098
-0.69508
-0.07123
0.19882
-1.12778
0.12905
0.48728
-0.10057
-0.01654
0.11415
-0.57218
-0.18772
-0.01508
0.08087
-0.39022
-0.07285
-0.48775
0.05074
0.31144
-0.39286
0.35583
0.13187
-0.22562
0.29393
0.15415
0.47082
0.00206
0.24011
-0.15373
-0.45099
-0.63838
-0.42214
-0.71849
0.28241
0.54144
-0.88050
-0.11025
0.43529
0.47232
0.40749
0.05210
0.27577
-0.27623
-0.43988
0.09090
-0.01704
-0.02797
-0.41274
0.68848
0.43002
0.30762
0.02727
-0.25997
0.43954
-0.45825
-0.59911
-0.66019
-0.59042
-0.13707
0.30862
-0.09883
-0.18965
0.46958
-0.07081
0.46685
0.74491
0.11213
-0.03155
-0.07538
0.11204
-0.01565
-0.68569
0.15518
-0.70876
-0.16429
-0.47986
-0.70669
-0.70301
0.19453
0.24561
-0.40119
1.62677
0.75299
0.24498
0.25803
0.11878
0.09891
-0.49795
-0.47379
-0.62017
-0.40210
0.34799
-0.63967
0.18606
0.46428
0.14787
0.18910
-0.26023
-0.56422
0.48797
-0.06296
0.11165
0.69802
0.40013
-0.36196
-1.07979
-0.25006
-0.44415
-0.13789
0.06245
0.20093
0.07560
-0.06724
0.08528
-0.32980
0.02677
-0.19631
-0.46288
-0.10949
0.38092
-0.56950
-0.00822
0.24557
-0.34839
0.12729
0.20338
0.58095
-0.46866
-0.85368
-0.66956
0.27632
0.28403
-0.16203
0.28028
-0.70551
-0.32041
-0.29255
-0.38466
-0.59630
0.36471
0.84535
0.95952
0.05202
-0.86638
-0.31011
0.31741
-0.02134
0.65309
-0.01033
0.97478
0.12404
0.32895
0.70422
-0.18049
-0.00775
0.49778
-0.29213
0.65735
-0.92413
0.39901
0.75505
0.03832
-0.09493
-0.02419
-0.24558
-0.10994
0.02102
-0.10540
0.19693
0.17253
-0.19071
-0.09409
-0.26977
-0.11610
-0.05652
-0.88832
-0.29711
-1.33845
-0.05432
0.33860
-0.28044
0.51760
0.48477
-0.51942
0.14711
-0.87020
-0.26229
-0.57984
0.18374
1.08959
-0.58209
0.56058
-1.47686
-0.58939
-0.04680
-0.48927
0.35016
-0.05130
0.26622
-0.09453
-0.25017
-0.58263
-0.96786
0.04309
-0.35822
0.64709
-0.00481
0.21565
-0.75648
-0.69660
-0.45982
-0.69498
-0.93435
0.16147
0.73111
-0.06246
-0.35186
-0.53928
-0.12851
-0.05378
-0.06703
-0.25092
-0.19245
-0.87542
-0.40649
-0.95845
-1.82041
-0.36693
0.66226
-0.22474
-0.86841
0.01029
-0.87020
-0.26229
-0.57984
0.18374
1.08959
-0.58209
0.56058
-1.47686
-0.58939
-0.04680
-0.48927
0.35016
-0.05130
0.26622
-0.09453
-0.25017
-0.58263
-0.96786
0.04309
-0.35822
0.64709
-0.00481
0.21565
-0.75648
-0.69660
-0.45982
-0.69498
-0.93435
0.16147
0.73111
-0.06246
-0.35186
-0.53928
-0.12851
-0.05378
-0.06703
-0.25092
-0.19245
-0.87542
-0.40649
-0.95845
-1.82041
-0.36693
0.66226
-0.22474
-0.86841
0.01029
-0.87020
-0.26229
-0.57984
0.18374
1.08959
-0.58209
0.56058
-1.47686
-0.58939
-0.04680
-0.48927
0.35016
-0.05130
0.26622
-0.09453
-0.25017
-0.58263
-0.96786
0.04309
-0.35822
0.64709
-0.00481
0.21565
-0.75648
-0.69660
-0.45982
-0.69498
-0.93435
0.16147
0.73111
-0.06246
-0.35186
-0.53928
-0.12851
-0.05378
-0.06703
-0.25092
-0.19245
-0.87542
-0.40649
-0.95845
-1.82041
-0.36693
0.66226
-0.22474
-0.86841
0.01029
-0.87020
-0.26229
-0.57984
0.18374
1.08959
-0.58209
0.56058
-1.47686
-0.58939
-0.04680
-0.48927
0.35016
-0.05130
0.26622
-0.09453
-0.25017
-0.58263
-0.96786
0.04309
-0.35822
0.64709
-0.00481
0.21565
-0.75648
-0.69660
-0.45982
-0.69498
-0.93435
0.16147
0.73111
-0.06246
-0.35186
-0.53928
-0.12851
-0.05378
-0.06703
-0.25092
-0.19245
-0.87542
-0.40649
-0.95845
-1.82041
-0.36693
0.66226
-0.22474
-0.86841
0.01029
-0.87020
-0.26229
-0.57984
0.18374
1.08959
-0.58209
0.56058
-1.47686
-0.58939
-0.04680
-0.48927
0.35016
-0.05130
0.26622
-0.09453
-0.25017
-0.58263
-0.96786
0.04309
-0.35822
0.64709
-0.00481
0.21565
-0.75648
-0.69660
-0.45982
-0.69498
-0.93435
0.16147
0.73111
-0.06246
-0.35186
-0.53928
-0.12851
-0.05378
-0.06703
-0.25092
-0.19245
-0.87542
-0.40649
-0.95845
-1.82041
-0.36693
0.66226
-0.22474
-0.86841
0.01029
-0.87020
-0.26229
-0.57984
0.18374
1.08959
-0.58209
0.56058
-1.47686
-0.58939
-0.04680
-0.48927
0.35016
-0.05130
0.26622
-0.09453
-0.25017
-0.58263
-0.96786
0.04309
-0.35822
0.64709
-0.00481
0.21565
-0.75648
-0.69660
-0.45982
-0.69498
-0.93435
0.16147
0.73111
-0.06246
-0.35186
-0.53928
-0.12851
-0.05378
-0.06703
-0.25092
-0.19245
-0.87542
-0.40649
-0.95845
-1.82041
-0.36693
0.66226
-0.22474
-0.86841
0.01029
-0.87020
-0.26229
-0.57984
0.18374
1.08959
-0.58209
0.56058
-1.47686
-0.58939
-0.04680
-0.48927
0.35016
-0.05130
0.26622
-0.09453
-0.25017
-0.58263
-0.96786
0.04309
-0.35822
0.64709
-0.00481
0.21565
-0.75648
-0.69660
-0.45982
-0.69498
-0.93435
0.16147
0.73111
-0.06246
-0.35186
-0.53928
-0.12851
-0.05378
-0.06703
-0.25092
-0.19245
-0.87542
-0.40649
-0.95845
-1.82041
-0.36693
0.66226
-0.22474
-0.86841
0.01029
-0.87020
-0.26229
-0.57984
0.18374
1.08959
-0.58209
0.56058
-1.47686
-0.58939
-0.04680
-0.48927
0.35016
-0.05130
0.26622
-0.09453
-0.25017
-0.58263
-0.96786
0.04309
-0.35822
0.64709
-0.00481
0.21565
-0.75648
-0.69660
-0.45982
-0.69498
-0.93435
0.16147
0.73111
-0.06246
-0.35186
-0.53928
-0.12851
-0.05378
-0.06703
-0.25092
-0.19245
-0.87542
-0.40649
-0.95845
-1.82041
-0.36693
0.66226
-0.22474
-0.86841
0.01029
-0.87020
-0.26229
-0.57984
0.18374
1.08959
-0.58209
0.56058
-1.47686
-0.58939
-0.04680
-0.48927
0.35016
-0.05130
0.26622
-0.09453
-0.25017
-0.58263
-0.96786
0.04309
-0.35822
0.64709
-0.00481
0.21565
-0.75648
-0.69660
-0.45982
-0.69498
-0.93435
0.16147
0.73111
-0.06246
-0.35186
-0.53928
-0.12851
-0.05378
-0.06703
-0.25092
-0.19245
-0.87542
-0.40649
-0.95845
-1.82041
-0.36693
0.66226
-0.22474
-0.86841
0.01029
-0.87020
-0.26229
-0.57984
0.18374
1.08959
-0.58209
0.56058
-1.47686
-0.58939
-0.04680
-0.48927
0.35016
-0.05130
0.26622
-0.09453
-0.25017
-0.58263
-0.96786
0.04309
-0.35822
0.64709
-0.00481
0.21565
-0.75648
-0.69660
-0.45982
-0.69498
-0.93435
0.16147
0.73111
-0.06246
-0.35186
-0.53928
-0.12851
-0.05378
-0.06703
-0.25092
-0.19245
-0.87542
-0.40649
-0.95845
-1.82041
-0.36693
0.66226
-0.22474
-0.86841
0.01029
