-0.45169
0.24361
-0.43610
-0.22300
-0.29059
-0.71605
0.22152
0.24333
-0.00134
-0.04562
-0.13289
-0.58538
-0.30634
0.28003
-0.10685
-0.05907
0.72111
-0.48443
-0.64738
-0.26719
0.92529
-0.37650
-0.15827
0.19874
0.27650
-0.08843
-0.49357
-0.84457
-0.55287
0.89888
0.05030
-0.09466
-0.05686
-0.04792
0.18926
-0.10008
0.05524
-1.13092
-0.84621
-1.62452
0.06322
-1.16491
-0.76910
-1.37315
0.00929
-0.61822
-1.06877
-1.22812
-1.14452
-0.79587
-0.54829
-0.87320
-0.01756
-0.70958
0.34033
-0.01241
-1.03318
-1.42295
-1.96100
-0.21721
-1.60670
-0.75533
-0.27924
-0.37183
-0.57501
0.19686
-0.65342
-1.46398
-0.42361
0.29587
-0.28179
-0.43561
0.38624
-0.54082
-0.13605
0.31082
0.64461
0.24650
-0.10311
-0.61387
-1.44797
-0.77219
-0.75068
-0.02769
-0.10467
-0.96059
-0.68527
-0.24471
-0.17220
0.08262
-0.15036
-0.14693
0.13056
-1.15812
0.74036
-0.88590
-0.33595
-1.02910
-0.25313
0.15638
-0.28025
-0.85167
-1.44987
-0.82561
-0.26427
0.10764
-0.27450
-0.43589
-0.59564
0.05325
-0.63439
-0.28754
-0.36596
0.84378
-1.15189
-0.18601
0.12612
-0.21697
-0.16513
-0.25266
-0.79899
-0.41217
-0.69199
-1.09839
0.81538
0.54567
-0.34556
-0.27774
-0.07158
-0.42375
0.11672
-0.70756
-0.63906
-0.16544
-0.21165
0.20485
-0.14108
-0.20229
0.07119
-0.26247
-0.07313
0.12583
-0.44577
-0.13110
0.39185
-0.06358
-1.06418
0.21537
-0.18441
-0.11175
0.28043
-0.19285
-0.26413
-0.04774
0.33035
-0.65466
-0.63918
-0.32400
-0.65414
-0.79130
0.23709
-0.18021
0.12178
0.18129
-0.64517
0.02466
-0.01100
0.17609
-0.19103
0.41759
-0.09758
-0.33201
0.10086
-0.31122
-0.04112
-0.14627
-1.29591
0.47452
0.53117
0.28532
-0.81049
0.08213
-0.68078
-0.21146
-0.21408
-0.76362
-0.44047
-0.37797
0.79508
-0.11825
-0.20318
-0.88098
0.58049
1.01559
0.35469
-1.13333
-1.53004
0.18603
-0.65522
-0.43611
-0.30332
-0.05051
-0.04281
0.34665
-0.45990
-0.52629
0.69607
0.70315
0.42050
0.51777
-0.02680
-0.87731
-0.29198
-0.05946
0.07873
0.15588
0.02520
-0.14384
0.10785
0.27605
-0.77286
-0.77645
-0.11490
0.54313
0.89047
-0.02219
-0.06719
-0.12943
-1.61867
-0.03348
0.78209
-0.47770
-0.11948
-0.82080
-0.07282
-0.31241
0.11159
0.82580
-0.89555
-0.35816
-0.28199
0.78489
0.21051
-0.41742
-0.46140
0.20014
0.43569
0.46605
-0.26997
-0.10126
0.15673
-0.41531
0.16549
0.60671
0.25794
-0.89551
-0.33793
0.09410
-0.35324
0.60607
-0.11715
-0.01007
0.19557
-0.82597
0.77043
0.58598
-0.26699
0.47799
-0.22696
-0.19040
0.89667
0.19350
0.10451
-0.65859
0.01529
-0.81899
-0.69239
-0.51577
-0.47136
-0.79422
0.29607
-1.03772
0.82258
0.39991
-1.02862
0.10420
0.83684
-1.14433
0.64683
0.42201
-0.48808
-0.46331
1.23509
0.76530
-0.62230
0.51094
0.39941
0.13649
-0.69229
-0.35751
0.83404
-0.00390
-0.07506
-0.93128
-0.41503
0.32563
-0.27309
0.06056
-0.66707
-0.76799
-0.03571
-0.09346
-0.99834
-0.79227
-0.18359
-0.54466
-0.58325
-0.68453
-0.64470
-0.72474
-0.63743
-0.05025
-0.96725
-0.39511
-0.43613
-1.27349
-1.09704
-1.29101
-0.71979
-0.44679
-1.24271
-0.70729
-0.61077
-0.83748
0.13855
-0.51083
0.68632
-1.01473
-0.67154
-0.41562
0.01476
-0.28716
-0.21265
0.23560
0.55851
0.27279
0.08215
-0.13638
-0.06432
-0.23374
0.55730
-0.41100
0.18511
-0.51750
0.02762
0.07507
-0.06510
-0.74275
-0.52146
0.34893
-0.16264
0.37376
0.54565
-0.15511
-0.19908
-0.19889
0.16136
-0.06077
0.23308
0.88901
-0.69034
-0.89616
-0.06413
-0.60295
0.48279
0.34524
-0.12501
0.50134
-0.28083
-0.74011
-0.38335
0.44669
0.69494
0.00633
-0.00388
0.20037
0.46177
-0.38104
0.21784
0.42250
0.29225
-0.52266
-0.92830
-0.14265
-0.02043
-0.39588
-0.02591
-0.12054
-1.20384
-0.48209
-0.52581
-0.37297
-0.66250
-0.49590
-0.66456
-0.44808
-0.44631
0.47289
0.20120
0.29872
-0.16562
-0.79756
-0.11339
0.42902
0.40514
-0.35462
0.45820
0.68717
-0.17139
-0.37482
0.92716
0.50405
1.07054
0.06644
-0.51019
0.06629
-0.75602
-0.37222
-0.45231
0.61223
-0.07963
-0.59136
-0.33864
-0.48295
0.30279
0.22788
0.50156
0.53556
0.33792
0.56451
0.29946
-0.16430
0.47450
0.03610
-0.48280
-0.05799
-0.19674
-1.15309
-0.42059
-0.22851
-1.09189
-0.12361
-0.40093
-0.52316
-0.37061
0.30752
-0.41228
-0.02209
-0.15556
-0.62847
-0.73162
-0.61175
-0.56257
-1.02260
-0.46067
-0.32791
-0.29485
-0.49610
-0.92620
0.46169
-0.46146
-0.12919
-0.72509
0.00891
0.43463
-0.21085
0.30308
0.58155
-0.60636
-0.05792
0.76283
-0.27517
-0.61875
0.04600
0.85888
0.16771
-0.29083
0.56631
0.18572
-0.30901
-0.96453
0.39350
-0.87601
-0.17285
-0.45398
-0.23827
-0.09306
0.41058
-0.02840
-0.25359
0.24303
0.09181
-0.46379
-0.62775
-0.46948
-0.78274
-0.12049
0.68857
-0.55374
-0.31548
-0.01929
0.49426
0.16876
0.17131
-0.18256
-0.95091
-0.39116
0.38576
0.34382
-0.44656
-0.17586
-0.37381
-0.23582
-0.14916
-0.37520
0.39004
0.70382
-0.12063
-0.12474
-0.03938
0.12886
-0.00455
-0.37967
0.12904
-0.27154
-0.16624
-0.07574
-0.18445
-0.17767
-0.45375
-0.32796
-0.18316
-0.07773
0.02798
0.18971
-0.29394
-0.88460
-0.97803
-0.56529
-0.49132
-1.21944
-0.91537
-0.15470
0.74324
-0.92990
-0.27976
-0.78616
0.35260
1.08664
0.10687
-0.27832
0.19222
-0.19313
-0.17584
-0.09816
-0.19512
0.62971
0.96275
-0.14985
-0.00925
0.23848
0.19801
0.07740
0.05175
0.23202
0.25545
0.44273
0.41438
0.39285
0.09601
0.07171
0.24053
0.17582
-0.13056
0.11277
-0.28885
0.26917
0.47269
-0.11027
-0.13386
-0.81073
-0.29874
-0.51476
0.22704
0.44050
0.14826
0.01193
-0.40853
0.37460
-0.50684
-0.97461
-0.91981
-0.22659
-0.21167
-0.24383
0.46407
0.21311
-0.61533
-1.06322
-0.11019
-0.97669
-0.79239
0.14623
0.02575
-0.79259
-0.78762
0.41479
-0.08489
-0.15337
-0.50823
0.13233
-0.95745
-0.24810
0.13254
-0.61306
0.02365
-0.41273
-0.67978
-0.60838
0.00775
-0.52191
0.07908
-0.10138
-0.48266
-0.79180
-0.70563
-0.83593
0.08406
-0.57207
-0.23293
-0.57591
-0.87168
-0.65425
-0.00725
0.19537
0.00232
0.40516
-1.30226
0.02750
0.08398
0.49135
-0.07911
-0.31206
0.33006
-0.02480
0.40508
0.39516
0.09302
-0.11004
0.16948
-0.58776
-0.64528
-0.41374
-0.78931
-0.02760
-0.43298
-0.74524
-0.64540
0.89224
0.50021
-0.56202
-0.02714
0.07665
0.14730
-0.04070
-0.48551
0.01901
-0.33546
-0.39027
-0.06665
0.40561
-0.37564
-0.19588
-0.01271
-0.13882
0.20076
-0.33415
0.01627
-0.17759
0.19430
-0.62557
0.55512
-0.81787
-1.32899
-1.29040
-0.24734
0.16350
-0.74948
0.74073
-1.04572
-0.11486
-0.37397
1.22630
-1.04665
-0.31265
-0.33917
-0.66773
-1.18564
1.20010
0.55959
-0.40565
-0.08870
-0.86783
-1.73873
0.10057
-0.15778
-0.36825
-0.42544
0.50850
0.28963
-0.23764
0.23113
-0.69572
-0.85364
0.07116
-0.22207
-1.07811
-0.55165
-0.55989
-0.30614
-0.20047
0.21954
0.12239
-0.14374
0.56868
0.45013
0.34026
0.37652
0.33539
0.01366
-0.27781
-0.14277
-0.31144
-0.01416
-0.95871
-1.22144
-0.93429
-0.20901
0.53917
0.19278
-0.76275
0.34902
0.75731
0.20397
-0.15788
-0.29800
-0.36690
0.01124
0.48513
0.19563
-0.30159
-0.22151
-0.61812
-0.21655
0.28912
-0.18923
-1.30142
-0.19417
-1.16328
0.14424
-0.20370
-0.00659
0.33872
-0.35388
-0.05742
0.43172
-0.30656
-0.73277
-0.91110
-0.18783
0.59163
-0.17372
1.17933
-0.14592
1.07092
0.76906
-0.25524
0.41316
-0.38419
0.08106
0.07508
-0.06318
0.03583
-0.16252
0.68073
-0.46591
0.39244
0.22644
-0.46655
0.92705
0.06802
-0.06668
0.56319
-0.10021
-0.34551
-1.01341
0.76049
-0.15454
-0.50027
-0.05835
-0.08535
-0.95417
-0.46562
-1.02612
0.73520
-0.59419
-0.01436
0.39930
-0.04820
-0.16913
0.12362
0.00113
0.13740
0.09883
-0.20091
-0.27620
0.64209
-0.33208
-0.70233
0.38932
0.70722
0.48410
0.18152
-0.65062
-0.21531
-0.02501
0.13969
-0.06004
0.06011
-0.48198
0.06234
-0.82774
-0.02122
-0.17430
-0.24993
-0.37820
-0.32295
-0.04755
0.26712
-0.04305
1.01246
1.11177
0.06562
-0.13195
0.01618
-0.36397
-0.58672
-1.19211
-0.05878
0.24271
0.34456
-0.88052
0.15695
-1.17065
-0.83772
0.44258
-0.11073
0.21339
-0.05296
-0.69229
-0.55371
0.31526
-0.35574
-0.46760
-0.79162
0.50475
0.40047
-0.93872
0.68788
0.64872
-0.09169
-0.38623
-0.25902
0.67810
0.29664
0.73293
0.52819
-0.19019
0.02210
-0.12423
0.05600
-0.16179
-0.19404
-0.93816
0.08762
0.36537
0.57294
0.35557
0.52681
-0.29840
-0.07052
-0.99376
-0.25657
-0.48520
-0.63364
-0.16446
-0.42568
-0.33015
-0.22246
-0.29929
-0.17433
0.76812
-0.38324
-0.00446
-0.20337
-0.03248
0.25541
0.94906
-0.11041
0.70778
0.29265
0.64567
0.80700
-0.03653
-0.32696
0.52393
0.85708
0.02626
-0.11695
0.19153
-0.21839
0.17800
0.39849
0.07974
-0.02502
0.29228
-0.08323
0.76280
0.12884
0.24470
0.18619
-0.11541
-0.18338
0.18183
-0.63188
-1.06800
0.54579
0.31697
0.63215
0.06280
0.13270
-0.04869
-1.41000
0.50651
0.24657
-0.51324
0.25839
0.09375
-1.07194
-0.30539
-0.63136
-0.56865
-0.78198
-0.51874
-0.22483
-0.33030
-0.20117
0.50955
0.18249
0.11304
0.28591
0.45819
0.53148
0.83647
0.33004
-0.22809
-0.18475
-0.65482
0.07584
-0.26270
0.70022
0.19760
-0.14172
0.26931
-0.88817
-0.96433
-1.12871
-0.51053
0.78975
0.15496
-0.20424
-1.23245
0.02588
-0.16577
0.65605
0.27476
-1.17602
-0.86031
-0.21816
0.07601
0.21404
0.11902
-0.16502
-1.29360
0.14911
-0.25499
-1.45623
-0.72454
-0.29469
-0.20962
-0.60705
-0.26607
-0.73743
-0.39590
-0.68678
-1.15978
0.67399
0.54275
-0.76654
-0.75627
-0.25457
-0.98907
0.89905
-0.65572
0.30287
0.90819
0.61264
-0.89720
0.51259
0.11636
-0.75494
0.33234
-0.85900
-0.21955
0.17988
-0.43357
0.63842
0.20087
-0.56795
0.35806
-0.04271
-0.59968
-1.05947
0.20251
0.67530
0.42942
-0.04198
-0.43990
0.01003
0.07732
0.61857
0.49878
-0.18117
-0.25730
0.36534
-0.96187
-0.18738
1.33258
0.24843
-0.27138
-0.26804
0.17500
-0.31380
-0.08664
0.07309
0.78006
0.19067
0.29483
0.08802
0.20598
-0.01575
0.64287
0.24156
-0.16815
0.39291
0.35274
0.11816
0.07263
0.36097
0.70875
0.73270
0.33553
0.45511
0.75932
0.95053
0.17531
0.35090
-0.31633
-0.01598
-0.60270
-0.40938
-0.34630
0.20324
0.02643
0.43510
-0.28678
-0.17826
-0.78218
-0.11701
0.05728
-0.04020
0.08824
-0.35066
-0.95180
-0.34933
0.13632
-2.47556
-0.26320
0.93785
0.30834
-0.56115
-0.26198
1.18292
0.55987
-0.26468
-0.05605
-0.04622
0.60839
-0.71046
0.07054
0.03992
-0.02576
0.28992
0.21990
-0.06855
-0.07965
0.52316
0.04695
0.38225
-0.01822
0.29713
0.16150
0.38875
0.77979
0.14395
-0.43136
-0.56814
0.31144
0.54649
0.30907
-0.17965
0.86264
-0.58368
0.17473
0.08195
0.78947
-0.57471
-0.94097
1.03504
0.03983
-1.08289
0.55156
-0.17449
0.83616
-0.77948
0.25516
-0.11729
-1.06740
0.18727
0.90155
-0.19648
-0.26652
-1.21266
-0.74992
-1.40267
0.41609
0.11653
-0.52998
0.13711
0.24792
0.03658
-0.79871
-1.26420
-0.49181
-0.74823
0.75373
-0.02590
0.64905
0.06882
-0.42332
0.12453
-0.39075
-0.61402
-0.70711
-0.30428
-0.08953
0.13407
0.54831
-0.34546
-0.13949
0.01169
0.13072
0.02671
-0.31833
-0.33995
-0.64824
0.47745
0.17664
0.70602
0.55077
0.17975
-0.49782
0.14465
0.15183
-0.40484
-0.30869
-0.19417
-0.31228
-0.40511
0.06447
-0.36306
-0.04597
-0.30890
-0.66351
-0.01686
0.46107
0.36161
-0.05486
-0.04751
-1.33884
-0.99671
-0.87389
0.68405
0.15330
-0.09077
0.55109
0.14285
-0.29815
0.78251
1.07940
0.26326
0.35913
0.32205
0.07192
-0.31603
-0.73148
0.45993
-0.09949
-0.39279
-1.33444
0.17226
0.41357
-0.13596
-0.34051
0.53315
0.37098
-1.45275
-0.00191
-1.39177
0.97056
-1.03557
-0.97049
-0.10218
0.35590
0.40395
-0.00597
0.37383
0.23060
0.33523
-0.72904
0.33589
-0.15842
-0.93280
-0.67473
-1.12037
-1.18539
0.64613
-0.20612
-0.54726
-0.52839
-0.84048
-0.07240
0.80684
0.13864
-0.01414
-0.01615
0.40915
-0.15801
0.24603
0.00268
0.09682
-0.32903
0.89921
1.14422
0.65754
-0.47106
-0.34728
0.18886
1.08709
0.39797
-0.18394
0.42548
-0.63045
0.34405
0.28053
0.88122
-0.07452
0.86857
0.28335
-0.00426
-0.19230
-0.23577
-0.11610
-0.13139
-0.92330
-0.09575
0.60866
-0.04835
-0.67961
0.05770
-0.09670
0.36793
0.10639
-0.88108
0.95161
0.17500
-0.39937
-1.03513
0.36583
0.01734
-0.02812
0.08154
-1.30896
-0.40997
0.11683
0.91251
0.88283
0.31471
0.06428
-0.19275
-0.05971
0.00969
1.28466
0.22265
-0.00159
0.59275
-0.33924
0.08084
0.64727
-0.16576
-0.45988
-0.75818
-0.19798
0.17855
-0.81782
-0.81744
0.82868
-0.46957
0.06270
-0.01312
0.10611
0.25822
0.49496
-0.41180
-0.82636
-0.44655
-0.08590
0.00972
0.25977
-1.02275
-0.73146
-0.48883
0.08148
-0.53759
-0.23937
-0.90787
-0.13783
-0.66988
-0.95382
-1.01853
-0.56045
-0.94469
-0.00616
-0.43147
-0.96109
0.39828
-0.61048
-0.68498
0.17311
-0.48516
-0.11914
-0.41882
0.37461
0.02399
-0.23489
0.16122
-0.11774
0.51515
0.41323
0.24976
-0.00565
-1.11465
-1.32369
-0.54702
-0.07813
0.59215
0.75227
-0.61329
-0.93827
-0.09682
0.56196
0.26460
-0.16941
0.24281
0.36674
-0.01553
-0.21649
-0.05216
-0.54836
-0.54773
-0.32642
-0.22421
-1.60166
-0.00063
-0.06448
0.22546
-0.11107
-0.76093
-1.13620
-0.13705
-0.27093
-0.83343
0.81148
-0.22407
-0.37092
0.07116
-0.02359
-0.51574
-0.98320
-2.06590
0.60036
-0.69430
0.40920
0.91466
-0.42225
0.30715
0.45993
0.15351
-0.20790
0.64344
0.26528
0.25662
0.22175
-0.38166
0.75412
-0.10907
-0.20211
-0.10754
0.26751
-0.01237
-0.74280
-1.29981
-0.32361
0.41727
0.52735
0.12651
-0.75279
-1.20277
-1.66906
-1.29195
0.81802
0.06364
-0.85961
-0.44389
-0.70328
-0.21007
-0.06448
-0.41011
-0.08429
-1.31034
-0.46499
0.02282
-0.59592
