0.68490
-0.09423
-0.49547
0.52147
-0.82590
0.64199
-1.39502
0.15051
0.19527
0.09272
-0.01439
-0.77549
0.58531
0.04902
-0.39358
0.25715
-0.05187
0.02943
0.12536
0.17114
-0.76403
-0.16648
0.04814
-1.08230
-0.74822
0.02754
0.62706
-0.68212
-0.23063
0.07450
-0.06082
0.20973
-1.02523
-0.66588
-1.11733
-1.15758
-0.26502
-0.34809
-0.78432
-1.01295
-0.48953
-0.84748
-1.01034
-1.01983
-0.32138
-1.22038
-1.43333
-1.26201
-1.32057
-1.11525
-0.36011
-0.69296
-0.37888
-0.90240
-0.18879
-0.05105
-0.47089
-1.17490
-1.15751
-0.73040
-0.91902
-0.05605
-1.02120
-0.82842
-0.72139
-0.50114
-0.28908
-0.97160
-1.10950
-0.83884
-0.97878
-0.76934
-0.63119
-0.69799
0.36370
1.05829
0.25544
-0.33806
-0.55853
-0.76258
-0.96213
-0.52290
-0.59198
-0.50323
-0.67206
-0.62237
-0.99722
-1.61342
-0.80508
-0.12668
-0.50668
-0.23472
-0.57561
-1.16345
-0.43503
-0.18280
-0.44680
-0.39996
-0.00398
-0.64689
-1.18440
-0.51907
-0.77655
-0.41244
-0.12966
-0.38941
-0.58420
-0.06669
0.35561
-0.03193
-0.37846
-0.43154
-0.45720
-0.12694
-0.19229
-0.28067
0.39577
-0.84783
0.12382
0.59685
-0.50018
-0.30148
-0.45202
-0.48022
-0.26674
-0.54877
-0.80289
-0.46458
-0.43963
0.25824
0.19559
-0.41174
-0.66510
-0.46766
-0.34882
-0.54454
-0.39720
-0.14622
-0.33790
0.07955
-0.41845
0.02325
-0.78087
-0.29057
0.82461
-0.12882
0.60804
0.36165
0.61621
0.28992
0.05191
0.16036
-0.11493
0.51200
-0.35720
0.18570
-0.73290
-0.72128
0.06659
-0.29396
-0.36035
0.37225
0.21592
-0.12411
-0.92407
-0.40786
0.13808
0.29742
0.26480
0.78428
-0.53951
-0.34810
-0.49818
-0.20467
-0.43838
-0.57620
-1.58138
-0.21786
-0.09616
-0.33931
-0.25850
-0.26632
0.30970
-0.78053
-0.12996
-0.39606
-0.91805
-0.52672
-0.05100
0.56662
0.76962
0.61683
0.70003
0.82850
0.37492
-0.24842
-0.92341
0.57308
-0.63596
-0.64222
0.82215
-0.00279
0.42186
-0.00410
-0.97347
-0.39736
0.64038
0.64068
1.08898
0.43804
-1.02769
-0.71476
0.11386
0.68835
-0.33070
-0.00251
-0.16469
-0.34535
0.77398
0.25819
-0.29239
-0.29166
0.13735
0.43399
1.06270
0.16378
-0.10647
0.88835
-1.59193
-0.37442
0.26333
-1.41748
0.35813
0.44790
-0.08144
-0.21753
0.65311
0.31514
-0.77669
-0.73421
-0.58821
-0.08151
-1.09733
-0.54080
-0.70550
0.49904
-0.06145
0.10245
-0.09756
-0.23748
-0.56333
-0.20629
-0.33968
-0.55393
0.35695
-1.03944
0.52313
0.34003
0.37015
-0.70585
-0.79409
0.55933
-0.53371
-0.28018
-0.29381
-0.67690
0.83968
-0.17881
-0.29692
-0.59993
0.30177
0.00905
-0.40907
-0.27596
-0.06844
-0.68273
-0.03418
-0.08639
-0.92080
-0.89357
-0.19478
-0.51588
0.77519
0.51416
-2.44794
-0.60632
0.40970
-0.88704
0.49739
0.60184
-0.48198
-0.97362
0.08922
-0.14779
-2.05261
0.24241
0.48916
1.19340
0.43027
0.89262
0.09152
0.19908
0.38827
0.29874
0.04105
-0.63145
-0.01252
0.24672
-0.18533
-0.06381
0.29146
0.39431
-0.00918
-0.46314
0.63180
0.37227
0.00504
-0.21915
-0.66950
-0.95570
-0.43205
-0.36536
-0.56870
-0.71044
-0.57388
-0.63455
-0.73743
-1.16329
-0.65028
-0.78401
-0.77809
-0.56126
-0.35424
-0.47309
-0.56807
-0.40539
-0.34716
0.00522
-0.59514
-0.46553
-0.85630
-0.61233
-0.11361
-0.28097
0.48412
-0.72055
0.06734
0.13042
-0.80397
-0.57277
-0.48807
0.57701
0.04841
0.93445
0.72243
-0.11521
0.02995
-0.37582
-0.62948
-0.03872
0.30159
0.51478
0.53517
0.43269
0.09403
-0.36160
-0.44986
-1.12126
-0.47426
0.44665
0.67529
-0.17063
-0.10070
-0.38525
-0.11985
-0.21407
0.30731
-0.15094
-0.91511
0.01736
-0.84761
-0.23884
0.45818
-0.37730
0.14196
0.19889
-0.69538
-0.25111
0.65959
-0.50763
0.11590
0.51654
-0.39134
0.15651
-0.50944
0.10090
0.21993
0.35057
0.34131
-0.28128
-0.68003
-0.53146
0.55172
-1.43325
0.83896
0.64311
-0.93398
-0.00830
-0.34639
-0.52200
-0.27329
-0.48864
-0.36507
0.96655
1.17154
-1.20143
0.42903
-0.25166
-0.94168
-0.75008
0.41234
-0.34615
1.24521
-0.57331
-0.05390
0.40776
0.13687
-0.75912
-0.40713
0.68016
0.29060
0.19133
-0.44093
0.16670
0.40688
-0.30679
-1.30175
-0.18839
0.50059
0.40808
-0.57708
-0.49661
0.77610
0.37607
-0.50875
0.14487
-0.24604
-0.17651
0.66999
-0.15837
-0.79334
0.71277
-0.25259
0.11632
-0.32742
-0.55515
-0.70223
-1.28709
-0.46870
-0.91846
-0.24739
-0.95478
-0.37110
-0.80262
-0.72479
0.26703
-0.55613
0.09085
0.41180
-0.43342
0.08041
-0.17027
-0.11534
-1.04142
-0.36292
-0.08969
-0.74872
0.38607
0.29663
-0.74103
0.23385
0.49380
-0.63854
-0.88736
-0.27426
0.77036
-0.51502
-0.03971
0.12180
0.06191
-0.08594
0.20739
-1.06677
-0.29879
-0.66071
-1.85635
-0.75565
-0.39876
-0.25631
-0.63786
0.97818
-0.10219
-0.90436
-0.35052
0.69160
0.14354
-1.06411
-0.24424
-0.41298
-0.59705
-0.37291
-0.11254
0.09593
-0.05850
-0.09021
0.16859
-0.36178
0.09432
-0.21512
-0.41903
0.44498
0.39418
0.59739
0.66626
-0.59097
0.06067
0.47590
-0.68908
0.10272
0.63902
0.21502
0.20722
-0.31441
0.23974
0.22492
-0.25768
0.00747
-0.21493
0.02795
-0.08288
-0.91396
0.01487
0.07324
-0.05151
-0.18213
0.00845
-0.67721
-0.34486
-0.29685
-0.26220
-0.61013
0.30380
-0.41897
0.62421
0.01046
-0.06467
0.02139
-0.16044
-0.44543
-1.10644
0.64585
-0.08083
0.04088
-0.13820
0.23152
-0.53669
0.02768
0.34408
0.21479
0.20418
0.29006
-0.01525
0.16781
-0.21536
-0.32344
0.48134
-0.00537
-0.45470
-0.33485
0.62899
0.07494
0.11670
-0.04146
0.05869
0.31789
0.46800
-0.74910
-0.11331
0.14763
0.25826
-0.16151
-0.40863
-0.73388
-0.36108
-0.00182
0.38053
0.68784
0.20828
0.60264
-0.34809
-0.13602
0.41424
0.34143
-0.55722
-1.67258
-0.09168
-0.64372
-0.33857
0.12113
0.00012
-0.08445
-1.03397
-0.18290
-0.34148
-0.13664
-0.15633
-0.30194
-0.57786
0.13972
-0.09882
-1.07934
-0.13110
-0.32965
0.15005
-1.61328
-0.63243
0.46490
-0.44515
-0.63528
-0.84134
-1.10256
-0.01849
-0.41504
-0.06733
-0.82391
-1.66736
-0.55141
-0.17382
0.14657
-0.19596
0.06754
-0.57908
-0.94559
-0.09668
0.23899
0.41840
0.94370
0.33000
-0.52394
0.02096
-0.77018
0.16748
-0.08261
0.40686
0.30728
-0.43536
0.47096
0.82800
-0.51565
-0.02640
-0.16278
-0.33413
-0.35232
-0.30976
-0.03997
0.07271
-0.02286
-0.25132
0.21559
-0.42564
-0.80726
0.26449
0.33858
-0.63160
-0.47949
0.26118
-0.78219
-0.31332
0.30862
0.10082
-0.12620
-0.74588
-0.02299
0.44856
0.30993
0.61174
0.61424
-0.21857
0.45591
0.93331
-0.25792
-0.86513
-1.01552
0.28291
-0.19817
0.44728
-0.37190
-1.28142
-0.15118
-0.28215
-0.16654
0.30427
-0.01369
-0.97878
-0.51727
-1.19797
-0.58037
-0.64006
0.41515
-1.30704
-0.69791
-0.53989
-0.70633
-1.11355
-0.78182
-0.00542
-0.00962
-0.80109
-1.19291
-1.08032
-0.65110
0.25583
-0.01766
-0.97448
-1.28030
-0.13304
-0.68603
-0.58199
-0.69210
-0.43050
-0.63557
0.49385
0.43994
-1.17493
0.13725
-0.32590
-1.75706
-0.14489
0.69654
0.28222
-0.00794
0.51352
0.04434
-0.86840
-1.00824
-1.16720
-1.56218
-0.75982
-0.40314
-0.56765
-0.64187
-0.58703
0.14355
0.63453
-0.37305
-0.43868
-0.97460
0.01327
-0.09074
-0.53456
-1.09503
-1.33095
-0.84201
-0.46705
-0.53815
-0.98543
-0.57488
-1.00158
-0.80377
-0.80675
-0.79684
0.22337
0.08292
-0.68553
-0.57413
0.99490
-0.77329
-0.58947
-1.33414
-0.79355
0.02481
0.26134
-0.05899
0.42197
-1.26507
0.11016
0.85966
-0.96062
0.08938
0.92341
0.43104
0.68660
0.76079
0.29715
0.04836
-0.28968
0.81267
0.15316
-0.52768
0.00156
-0.44368
-0.62257
0.47104
0.04219
-0.33428
-1.79313
0.34025
-0.42931
-0.54529
0.13694
-1.14191
-0.18622
-0.74481
-0.74769
0.68161
-0.26569
-0.48899
0.00434
-0.32305
-0.58922
-0.37137
-0.12062
-0.23711
-0.26800
-0.62619
1.06246
-0.07070
-0.27319
-0.29691
0.80196
-0.02651
-0.03166
-0.69354
0.71268
0.81115
0.32963
-0.69280
-0.61698
-0.29792
0.64063
0.96506
0.49239
0.63619
0.06658
0.30058
0.28809
0.11579
-0.86773
0.36654
-0.23306
1.56209
1.68833
-0.74138
0.03880
0.45274
-0.41969
-1.10316
-0.42523
-0.45907
0.16211
-0.19248
0.06185
1.13860
-0.37062
-0.53031
1.06051
-0.45755
-1.55784
-0.53785
-0.54411
-0.08615
-0.37574
-0.48710
-0.58996
-0.58032
0.31112
0.32832
0.40211
1.10705
-0.79713
-1.06866
-0.68910
-0.47092
-0.38674
-0.11959
-0.21986
0.35530
-0.39552
-0.18171
0.23673
0.94146
-0.01115
-0.44611
-0.72326
-0.26957
0.04253
0.96599
-0.17649
-1.00140
0.15379
0.13285
0.17062
-0.43605
0.37570
-0.13514
0.21897
-0.33202
-0.58843
-0.95024
-0.41993
-1.07334
0.06638
-0.48859
-0.38348
-0.30949
-0.79270
0.56651
-0.56723
-0.20949
-0.70995
1.21859
-0.30949
0.18471
0.34416
0.58253
-0.38211
0.69359
1.29486
1.55944
-0.03032
0.62814
-0.17082
0.35585
0.22616
-0.99701
-0.43147
-0.14706
-0.40725
-0.27292
-0.73550
-0.07993
-0.83156
-0.06802
-0.08318
0.37034
0.05419
1.19849
-0.17588
0.15820
-0.17030
-0.28010
0.00827
-0.96254
-0.12259
0.52951
-0.41404
0.13953
0.34671
-0.83566
0.54809
-0.71810
-1.10912
0.01524
-0.30963
-0.15324
0.70284
0.88815
-0.73478
-0.28511
0.35676
-1.11997
0.43323
-0.77546
-0.22091
0.43233
0.31071
0.16643
-1.12471
-0.18619
-0.95900
0.61944
-0.31161
-0.36264
-0.43952
-0.29289
-1.15965
-0.84342
-0.95245
0.23175
-0.52319
-1.18784
-0.62362
-1.23728
-0.32968
-0.08235
0.91300
-0.87505
-1.17953
-0.81233
-0.76208
-0.37055
0.11221
1.09014
-0.39179
-1.17367
-0.99357
-0.98168
-0.03821
1.17834
-0.62534
-0.63019
-1.17520
-1.25079
-0.27204
-0.14072
-0.51075
0.00908
-0.46701
-0.36180
0.15469
0.39996
-0.45634
-0.65185
-1.03130
-0.26455
0.16312
0.40331
-0.63238
-0.24282
-0.18718
0.47016
0.20414
0.28276
0.58092
0.04137
0.17783
0.10050
0.16452
0.13463
0.34058
-0.14360
-0.05213
-0.03126
0.54999
1.40123
0.34931
0.02888
-0.29755
0.73250
-0.09103
0.74428
0.24061
-0.69324
-0.40359
0.15749
-0.39036
-0.32986
0.23596
-0.25787
0.54463
-0.16222
0.64033
1.12426
-0.32835
0.04417
0.17776
1.27519
0.04990
-0.08080
0.56006
-1.22486
-0.42380
0.21077
-0.60196
0.12229
-0.05103
0.42710
-0.28846
0.05649
-0.00077
0.19625
0.01276
0.28143
0.53699
0.14546
-1.11969
0.16204
-0.68159
-0.17662
0.00498
-0.31785
-0.83981
0.42242
0.39179
0.82309
-0.66573
-1.66603
-2.07392
-1.43001
-1.10740
-0.18294
-0.00514
-0.77624
-0.85701
0.20119
-0.39192
-1.25081
-0.43308
0.09616
0.48985
-0.56018
-0.10441
0.04306
-0.22028
-0.86387
-0.06087
0.36632
-0.65242
0.78451
0.79379
0.17724
0.84092
0.60734
0.70398
0.28713
1.18467
0.87497
-0.50440
0.23110
-0.75649
0.19880
-0.14281
0.17693
-0.00311
0.35489
0.41644
-0.64079
-0.05087
0.55238
-0.12033
-0.02251
-0.13212
-0.30053
-0.27444
-0.17767
-0.34733
0.00921
-0.71755
0.13692
0.34921
0.01146
-0.46633
0.00390
0.99504
-0.35067
0.21502
0.21803
-0.11243
-0.67481
1.17939
-0.17287
-0.87594
-0.58520
-1.14284
-1.70832
-0.79264
-0.27546
0.09791
-1.57068
-0.19614
-0.44450
-0.93848
0.05751
1.12106
0.18240
0.03100
0.64091
0.48264
1.25515
0.52783
0.85963
-0.44543
-0.83064
-0.46050
-0.27849
-0.37315
-0.44945
-0.63918
-0.99303
-0.75921
-0.54175
0.15059
0.23914
-0.50479
-0.45542
-0.21230
0.28493
0.09457
-0.51556
1.10228
0.36762
-0.17347
0.41263
-0.82715
-1.13836
-0.54551
-0.13027
0.30289
0.22220
0.05867
-0.00052
-0.05205
0.08582
-0.13227
0.29436
-0.34184
0.60517
0.21243
-1.31591
-0.70048
-0.90388
-1.11774
0.83874
0.31617
-0.32776
0.02876
-0.80174
-0.90753
0.24817
0.19173
1.16955
0.80624
0.65194
0.83920
-0.57104
0.03118
0.00627
0.39418
0.44769
-0.92854
0.29726
0.50418
0.23683
-0.02274
-0.38616
-0.91992
-0.48170
-0.21215
-1.23769
0.95462
-0.45105
-0.37144
-0.02363
0.00974
0.54436
0.24186
0.83188
-0.27555
0.26150
0.10967
0.17012
-0.10677
0.25727
0.49823
-0.25264
0.16796
-0.20714
-0.19583
-0.70138
-1.03251
-0.08478
-0.30481
0.59906
0.83275
1.41699
0.86217
0.08399
-0.35491
-0.21440
0.12040
0.42565
-0.24900
-0.35854
0.66745
0.63213
0.35882
0.14444
-1.44829
0.29429
1.12276
0.12931
0.55768
-0.44435
0.17434
-0.64142
-1.20367
0.87532
0.32629
-0.03103
-0.20760
-0.04056
-0.09816
0.08935
0.32786
-0.25566
0.24690
0.38253
0.38223
-0.15753
-0.09217
0.77055
-0.75052
0.76838
-0.53731
-0.46741
-0.13653
-0.39960
-0.05742
-0.54311
0.41407
-0.81450
-0.03162
0.03046
0.45304
-0.38901
-0.19104
-0.23802
0.04676
-0.33077
0.14822
0.38465
-0.03930
-0.07075
-0.11886
0.47434
-0.45317
0.37031
0.14626
-0.45574
0.51054
-0.41559
-0.82116
0.24935
0.22900
-0.29015
-0.39264
0.75613
-0.69066
-0.27170
0.03908
0.15230
-0.75148
-0.30082
-0.28112
-0.49592
-0.54753
-0.10489
0.35754
-0.06410
-1.01052
-0.41227
-0.10412
0.74751
0.02958
-0.79385
-0.77508
-0.60433
-1.77174
-1.31420
-1.13385
-0.28905
0.35823
-0.87177
-0.28243
-0.29570
-0.95611
-0.66942
0.30344
-0.03921
-0.59993
-0.88118
-0.26049
-0.42710
-0.40487
0.01337
-0.15255
-0.08914
-0.41657
0.10852
0.05375
0.06012
-0.32729
-0.16392
-0.55300
-0.86590
-0.09972
0.17157
-1.05549
-0.99209
-0.59072
0.17226
0.50787
-0.60910
-0.06787
-0.82449
-0.32058
-0.70817
-0.37527
0.40694
0.02384
0.31273
0.86335
0.04201
-0.47041
-0.29201
-0.47545
-0.24765
-1.14967
-1.45823
-0.54371
-1.34618
0.14461
-0.27607
-0.61868
-0.59992
0.08692
0.03245
-0.66880
-0.49668
-1.09768
-0.44604
-0.02145
0.11632
-0.71467
-0.63282
0.26809
-0.30153
-1.01458
-0.72990
-1.17196
-0.03512
0.59658
0.07000
0.77531
1.06926
0.82921
0.66080
0.27751
-0.81276
0.43488
0.26351
-0.50822
-0.43465
0.21908
0.73911
0.42155
-0.19585
-1.04225
0.07043
-0.60988
-0.04650
0.14386
-1.28143
-0.86458
-0.50795
-0.41712
-0.49005
-0.66142
-0.82895
-0.26252
-0.08188
-0.32288
-0.24206
0.68490
-0.09423
-0.49547
0.52147
-0.82590
0.64199
-1.39502
0.15051
0.19527
0.09272
-0.01439
-0.77549
0.58531
0.04902
-0.39358
0.25715
-0.05187
0.02943
0.12536
0.17114
-0.76403
-0.16648
0.04814
-1.08230
-0.74822
0.02754
0.62706
-0.68212
-0.23063
0.07450
-0.06082
0.20973
-1.02523
-0.66588
-1.11733
-1.15758
-0.26502
-0.34809
-0.78432
-1.01295
-0.48953
-0.84748
-1.01034
-1.01983
-0.32138
-1.22038
-1.43333
-1.26201
-1.32057
-1.11525
-0.36011
-0.69296
-0.37888
-0.90240
-0.18879
-0.05105
-0.47089
-1.17490
-1.15751
-0.73040
-0.91902
-0.05605
-1.02120
-0.82842
-0.72139
-0.50114
-0.28908
-0.97160
-1.10950
-0.83884
-0.97878
-0.76934
-0.63119
-0.69799
0.36370
1.05829
0.25544
-0.33806
-0.55853
-0.76258
-0.96213
-0.52290
-0.59198
-0.50323
-0.67206
-0.62237
-0.99722
-1.61342
-0.80508
-0.12668
-0.50668
-0.23472
-0.57561
-1.16345
-0.43503
-0.18280
-0.44680
-0.39996
-0.00398
-0.64689
-1.18440
-0.51907
-0.77655
-0.41244
-0.12966
-0.38941
-0.58420
-0.06669
0.35561
-0.03193
-0.37846
-0.43154
-0.45720
-0.12694
-0.19229
-0.28067
0.39577
-0.84783
0.12382
0.59685
-0.50018
-0.30148
-0.45202
-0.48022
-0.26674
-0.54877
-0.80289
-0.46458
-0.43963
0.25824
0.19559
-0.41174
-0.66510
-0.46766
-0.34882
-0.54454
-0.39720
-0.14622
-0.33790
0.07955
-0.41845
0.02325
-0.78087
-0.29057
0.82461
-0.12882
0.60804
0.36165
0.61621
0.28992
0.05191
0.16036
-0.11493
0.51200
-0.35720
0.18570
-0.73290
-0.72128
0.06659
-0.29396
-0.36035
0.37225
0.21592
-0.12411
-0.92407
-0.40786
0.13808
0.29742
0.26480
0.78428
-0.53951
-0.34810
-0.49818
-0.20467
-0.43838
-0.57620
-1.58138
-0.21786
-0.09616
-0.33931
-0.25850
-0.26632
0.30970
-0.78053
-0.12996
-0.39606
-0.91805
-0.52672
-0.05100
0.56662
0.76962
0.61683
0.70003
0.82850
0.37492
-0.24842
-0.92341
0.57308
-0.63596
-0.64222
0.82215
-0.00279
0.42186
-0.00410
-0.97347
-0.39736
0.64038
0.64068
1.08898
0.43804
-1.02769
-0.71476
0.11386
0.68835
-0.33070
-0.00251
-0.16469
-0.34535
0.77398
0.25819
-0.29239
-0.29166
0.13735
0.43399
1.06270
0.16378
-0.10647
0.88835
-1.59193
-0.37442
0.26333
-1.41748
0.35813
0.44790
-0.08144
-0.21753
0.65311
0.31514
-0.77669
-0.73421
-0.58821
-0.08151
-1.09733
-0.54080
-0.70550
0.49904
-0.06145
0.10245
-0.09756
-0.23748
-0.56333
-0.20629
-0.33968
-0.55393
0.35695
-1.03944
0.52313
0.34003
0.37015
-0.70585
-0.79409
0.55933
-0.53371
-0.28018
-0.29381
-0.67690
0.83968
-0.17881
-0.29692
-0.59993
0.30177
0.00905
-0.40907
-0.27596
-0.06844
-0.68273
-0.03418
-0.08639
-0.92080
-0.89357
-0.19478
-0.51588
0.77519
0.51416
-2.44794
-0.60632
0.40970
-0.88704
0.49739
0.60184
-0.48198
-0.97362
0.08922
-0.14779
-2.05261
0.24241
0.48916
1.19340
0.43027
0.89262
0.09152
0.19908
0.38827
0.29874
0.04105
-0.63145
-0.01252
0.24672
-0.18533
-0.06381
0.29146
0.39431
-0.00918
-0.46314
0.63180
0.37227
0.00504
-0.21915
-0.66950
-0.95570
-0.43205
-0.36536
-0.56870
-0.71044
-0.57388
-0.63455
-0.73743
-1.16329
-0.65028
-0.78401
-0.77809
-0.56126
-0.35424
-0.47309
-0.56807
-0.40539
-0.34716
0.00522
-0.59514
-0.46553
-0.85630
-0.61233
-0.11361
-0.28097
0.48412
-0.72055
0.06734
0.13042
-0.80397
-0.57277
-0.48807
0.57701
0.04841
0.93445
0.72243
-0.11521
0.02995
-0.37582
-0.62948
-0.03872
0.30159
0.51478
0.53517
0.43269
0.09403
-0.36160
-0.44986
-1.12126
-0.47426
0.44665
0.67529
-0.17063
-0.10070
-0.38525
-0.11985
-0.21407
0.30731
-0.15094
-0.91511
0.01736
-0.84761
-0.23884
0.45818
-0.37730
0.14196
0.19889
-0.69538
-0.25111
0.65959
-0.50763
0.11590
0.51654
-0.39134
0.15651
-0.50944
0.10090
0.21993
0.35057
0.34131
-0.28128
-0.68003
-0.53146
0.55172
-1.43325
0.83896
0.64311
-0.93398
-0.00830
-0.34639
-0.52200
-0.27329
-0.48864
-0.36507
0.96655
1.17154
-1.20143
0.42903
-0.25166
-0.94168
-0.75008
0.41234
-0.34615
1.24521
-0.57331
-0.05390
0.40776
0.13687
-0.75912
-0.40713
0.68016
0.29060
0.19133
-0.44093
0.16670
0.40688
-0.30679
-1.30175
-0.18839
0.50059
0.40808
-0.57708
-0.49661
0.77610
0.37607
-0.50875
0.14487
-0.24604
-0.17651
0.66999
-0.15837
-0.79334
0.71277
-0.25259
0.11632
-0.32742
-0.55515
-0.70223
-1.28709
-0.46870
-0.91846
-0.24739
-0.95478
-0.37110
-0.80262
-0.72479
0.26703
-0.55613
0.09085
0.41180
-0.43342
0.08041
-0.17027
-0.11534
-1.04142
-0.36292
-0.08969
-0.74872
0.38607
0.29663
-0.74103
0.23385
0.49380
-0.63854
-0.88736
-0.27426
0.77036
-0.51502
-0.03971
0.12180
0.06191
-0.08594
0.20739
-1.06677
-0.29879
-0.66071
-1.85635
-0.75565
-0.39876
-0.25631
-0.63786
0.97818
-0.10219
-0.90436
-0.35052
0.69160
0.14354
-1.06411
-0.24424
-0.41298
-0.59705
-0.37291
-0.11254
0.09593
-0.05850
-0.09021
0.16859
-0.36178
0.09432
-0.21512
-0.41903
0.44498
0.39418
0.59739
0.66626
-0.59097
0.06067
0.47590
-0.68908
0.10272
0.63902
0.21502
0.20722
-0.31441
0.23974
0.22492
-0.25768
0.00747
-0.21493
0.02795
-0.08288
-0.91396
0.01487
0.07324
-0.05151
-0.18213
0.00845
-0.67721
-0.34486
-0.29685
-0.26220
-0.61013
0.30380
-0.41897
0.62421
0.01046
-0.06467
0.02139
-0.16044
-0.44543
-1.10644
0.64585
-0.08083
0.04088
-0.13820
0.23152
-0.53669
0.02768
0.34408
0.21479
0.20418
0.29006
-0.01525
0.16781
-0.21536
-0.32344
0.48134
-0.00537
-0.45470
-0.33485
0.62899
0.07494
0.11670
-0.04146
0.05869
0.31789
0.46800
-0.74910
-0.11331
0.14763
0.25826
-0.16151
-0.40863
-0.73388
-0.36108
-0.00182
0.38053
0.68784
0.20828
0.60264
-0.34809
-0.13602
0.41424
0.34143
-0.55722
-1.67258
-0.09168
-0.64372
-0.33857
0.12113
0.00012
-0.08445
-1.03397
-0.18290
-0.34148
-0.13664
-0.15633
-0.30194
-0.57786
0.13972
-0.09882
-1.07934
-0.13110
-0.32965
0.15005
-1.61328
-0.63243
0.46490
-0.44515
-0.63528
-0.84134
-1.10256
-0.01849
-0.41504
-0.06733
-0.82391
-1.66736
-0.55141
-0.17382
0.14657
-0.19596
0.06754
-0.57908
-0.94559
-0.09668
0.23899
0.41840
0.94370
0.33000
-0.52394
0.02096
-0.77018
0.16748
-0.08261
0.40686
0.30728
-0.43536
0.47096
0.82800
-0.51565
-0.02640
-0.16278
-0.33413
-0.35232
-0.30976
-0.03997
0.07271
-0.02286
-0.25132
0.21559
-0.42564
-0.80726
0.26449
0.33858
-0.63160
-0.47949
0.26118
-0.78219
-0.31332
0.30862
0.10082
-0.12620
-0.74588
-0.02299
0.44856
0.30993
0.61174
0.61424
-0.21857
0.45591
0.93331
-0.25792
-0.86513
-1.01552
0.28291
-0.19817
0.44728
-0.37190
-1.28142
-0.15118
-0.28215
-0.16654
0.30427
-0.01369
-0.97878
-0.51727
-1.19797
-0.58037
-0.64006
0.41515
-1.30704
-0.69791
-0.53989
-0.70633
-1.11355
-0.78182
-0.00542
-0.00962
-0.80109
-1.19291
-1.08032
-0.65110
0.25583
-0.01766
-0.97448
-1.28030
-0.13304
-0.68603
-0.58199
-0.69210
-0.43050
-0.63557
0.49385
0.43994
-1.17493
0.13725
-0.32590
-1.75706
-0.14489
0.69654
0.28222
-0.00794
0.51352
0.04434
-0.86840
-1.00824
-1.16720
-1.56218
-0.75982
-0.40314
-0.56765
-0.64187
-0.58703
0.14355
0.63453
-0.37305
-0.43868
-0.97460
0.01327
-0.09074
-0.53456
-1.09503
-1.33095
-0.84201
-0.46705
-0.53815
-0.98543
-0.57488
-1.00158
-0.80377
-0.80675
-0.79684
0.22337
0.08292
-0.68553
-0.57413
0.99490
-0.77329
-0.58947
-1.33414
-0.79355
0.02481
0.26134
-0.05899
0.42197
-1.26507
0.11016
0.85966
-0.96062
0.08938
0.92341
0.43104
0.68660
0.76079
0.29715
0.04836
-0.28968
0.81267
0.15316
-0.52768
0.00156
-0.44368
-0.62257
0.47104
0.04219
-0.33428
-1.79313
0.34025
-0.42931
-0.54529
0.13694
-1.14191
-0.18622
-0.74481
-0.74769
0.68161
-0.26569
-0.48899
0.00434
-0.32305
-0.58922
-0.37137
-0.12062
-0.23711
-0.26800
-0.62619
1.06246
-0.07070
-0.27319
-0.29691
0.80196
-0.02651
-0.03166
-0.69354
0.71268
0.81115
0.32963
-0.69280
-0.61698
-0.29792
0.64063
0.96506
0.49239
0.63619
0.06658
0.30058
0.28809
0.11579
-0.86773
0.36654
-0.23306
1.56209
1.68833
-0.74138
0.03880
0.45274
-0.41969
-1.10316
-0.42523
-0.45907
0.16211
-0.19248
0.06185
1.13860
-0.37062
-0.53031
1.06051
-0.45755
-1.55784
-0.53785
-0.54411
-0.08615
-0.37574
-0.48710
-0.58996
-0.58032
0.31112
0.32832
0.40211
1.10705
-0.79713
-1.06866
-0.68910
-0.47092
-0.38674
-0.11959
-0.21986
0.35530
-0.39552
-0.18171
0.23673
0.94146
-0.01115
-0.44611
-0.72326
-0.26957
0.04253
0.96599
-0.17649
-1.00140
0.15379
0.13285
0.17062
-0.43605
0.37570
-0.13514
0.21897
-0.33202
-0.58843
-0.95024
-0.41993
-1.07334
0.06638
-0.48859
-0.38348
-0.30949
-0.79270
0.56651
-0.56723
-0.20949
-0.70995
1.21859
-0.30949
0.18471
0.34416
0.58253
-0.38211
0.69359
1.29486
1.55944
-0.03032
0.62814
-0.17082
0.35585
0.22616
-0.99701
-0.43147
-0.14706
-0.40725
-0.27292
-0.73550
-0.07993
-0.83156
-0.06802
-0.08318
0.37034
0.05419
1.19849
-0.17588
0.15820
-0.17030
-0.28010
0.00827
-0.96254
-0.12259
0.52951
-0.41404
0.13953
0.34671
-0.83566
0.54809
-0.71810
-1.10912
0.01524
-0.30963
-0.15324
0.70284
0.88815
-0.73478
-0.28511
0.35676
-1.11997
0.43323
-0.77546
-0.22091
0.43233
0.31071
0.16643
-1.12471
-0.18619
-0.95900
0.61944
-0.31161
-0.36264
-0.43952
-0.29289
-1.15965
-0.84342
-0.95245
0.23175
-0.52319
-1.18784
-0.62362
-1.23728
-0.32968
-0.08235
0.91300
-0.87505
-1.17953
-0.81233
-0.76208
-0.37055
0.11221
1.09014
-0.39179
-1.17367
-0.99357
-0.98168
-0.03821
1.17834
-0.62534
-0.63019
-1.17520
-1.25079
-0.27204
-0.14072
-0.51075
0.00908
-0.46701
-0.36180
0.15469
0.39996
-0.45634
-0.65185
-1.03130
-0.26455
0.16312
0.40331
-0.63238
-0.24282
-0.18718
0.47016
0.20414
0.28276
0.58092
0.04137
0.17783
0.10050
0.16452
0.13463
0.34058
-0.14360
-0.05213
-0.03126
0.54999
1.40123
0.34931
0.02888
-0.29755
0.73250
-0.09103
0.74428
0.24061
-0.69324
-0.40359
0.15749
-0.39036
-0.32986
0.23596
-0.25787
0.54463
-0.16222
0.64033
1.12426
-0.32835
0.04417
0.17776
1.27519
0.04990
-0.08080
0.56006
-1.22486
-0.42380
0.21077
-0.60196
0.12229
-0.05103
0.42710
-0.28846
0.05649
-0.00077
0.19625
0.01276
0.28143
0.53699
0.14546
-1.11969
0.16204
-0.68159
-0.17662
0.00498
-0.31785
-0.83981
0.42242
0.39179
0.82309
-0.66573
-1.66603
-2.07392
-1.43001
-1.10740
-0.18294
-0.00514
-0.77624
-0.85701
0.20119
-0.39192
-1.25081
-0.43308
0.09616
0.48985
-0.56018
-0.10441
0.04306
-0.22028
-0.86387
-0.06087
0.36632
-0.65242
0.78451
0.79379
0.17724
0.84092
0.60734
0.70398
0.28713
1.18467
0.87497
-0.50440
0.23110
-0.75649
0.19880
-0.14281
0.17693
-0.00311
0.35489
0.41644
-0.64079
-0.05087
0.55238
-0.12033
-0.02251
-0.13212
-0.30053
-0.27444
-0.17767
-0.34733
0.00921
-0.71755
0.13692
0.34921
0.01146
-0.46633
0.00390
0.99504
-0.35067
0.21502
0.21803
-0.11243
-0.67481
1.17939
-0.17287
-0.87594
-0.58520
-1.14284
-1.70832
-0.79264
-0.27546
0.09791
-1.57068
-0.19614
-0.44450
-0.93848
0.05751
1.12106
0.18240
0.03100
0.64091
0.48264
1.25515
0.52783
0.85963
-0.44543
-0.83064
-0.46050
-0.27849
-0.37315
-0.44945
-0.63918
-0.99303
-0.75921
-0.54175
0.15059
0.23914
-0.50479
-0.45542
-0.21230
0.28493
0.09457
-0.51556
1.10228
0.36762
-0.17347
0.41263
-0.82715
-1.13836
-0.54551
-0.13027
0.30289
0.22220
0.05867
-0.00052
-0.05205
0.08582
-0.13227
0.29436
-0.34184
0.60517
0.21243
-1.31591
-0.70048
-0.90388
-1.11774
0.83874
0.31617
-0.32776
0.02876
-0.80174
-0.90753
0.24817
0.19173
1.16955
0.80624
0.65194
0.83920
-0.57104
0.03118
0.00627
0.39418
0.44769
-0.92854
0.29726
0.50418
0.23683
-0.02274
-0.38616
-0.91992
-0.48170
-0.21215
-1.23769
0.95462
-0.45105
-0.37144
-0.02363
0.00974
0.54436
0.24186
0.83188
-0.27555
0.26150
0.10967
0.17012
-0.10677
0.25727
0.49823
-0.25264
0.16796
-0.20714
-0.19583
-0.70138
-1.03251
-0.08478
-0.30481
0.59906
0.83275
1.41699
0.86217
0.08399
-0.35491
-0.21440
0.12040
0.42565
-0.24900
-0.35854
0.66745
0.63213
0.35882
0.14444
-1.44829
0.29429
1.12276
0.12931
0.55768
-0.44435
0.17434
-0.64142
-1.20367
0.87532
0.32629
-0.03103
-0.20760
-0.04056
-0.09816
0.08935
0.32786
-0.25566
0.24690
0.38253
0.38223
-0.15753
-0.09217
0.77055
-0.75052
0.76838
-0.53731
-0.46741
-0.13653
-0.39960
-0.05742
-0.54311
0.41407
-0.81450
-0.03162
0.03046
0.45304
-0.38901
-0.19104
-0.23802
0.04676
-0.33077
0.14822
0.38465
-0.03930
-0.07075
-0.11886
0.47434
-0.45317
0.37031
0.14626
-0.45574
0.51054
-0.41559
-0.82116
0.24935
0.22900
-0.29015
-0.39264
0.75613
-0.69066
-0.27170
0.03908
0.15230
-0.75148
-0.30082
-0.28112
-0.49592
-0.54753
-0.10489
0.35754
-0.06410
-1.01052
-0.41227
-0.10412
0.74751
0.02958
-0.79385
-0.77508
-0.60433
-1.77174
-1.31420
-1.13385
-0.28905
0.35823
-0.87177
-0.28243
-0.29570
-0.95611
-0.66942
0.30344
-0.03921
-0.59993
-0.88118
-0.26049
-0.42710
-0.40487
0.01337
-0.15255
-0.08914
-0.41657
0.10852
0.05375
0.06012
-0.32729
-0.16392
-0.55300
-0.86590
-0.09972
0.17157
-1.05549
-0.99209
-0.59072
0.17226
0.50787
-0.60910
-0.06787
-0.82449
-0.32058
-0.70817
-0.37527
0.40694
0.02384
0.31273
0.86335
0.04201
-0.47041
-0.29201
-0.47545
-0.24765
-1.14967
-1.45823
-0.54371
-1.34618
0.14461
-0.27607
-0.61868
-0.59992
0.08692
0.03245
-0.66880
-0.49668
-1.09768
-0.44604
-0.02145
0.11632
-0.71467
-0.63282
0.26809
-0.30153
-1.01458
-0.72990
-1.17196
-0.03512
0.59658
0.07000
0.77531
1.06926
0.82921
0.66080
0.27751
-0.81276
0.43488
0.26351
-0.50822
-0.43465
0.21908
0.73911
0.42155
-0.19585
-1.04225
0.07043
-0.60988
-0.04650
0.14386
-1.28143
-0.86458
-0.50795
-0.41712
-0.49005
-0.66142
-0.82895
-0.26252
-0.08188
-0.32288
-0.24206
