-0.13460
0.22284
0.05911
-0.29475
-0.08714
0.60200
0.24600
-0.19166
-0.03613
0.25545
-0.16247
0.01207
-0.20375
-0.12591
-0.25131
-0.06944
0.03368
-0.59671
-0.24529
-0.23158
-0.24434
-0.01508
-0.61292
0.33419
-0.62155
0.10068
0.15992
-0.01554
0.06448
-0.03241
0.39807
-0.17603
-0.50876
-0.06615
0.27781
0.54697
0.39460
0.01363
-0.19610
-0.21273
-0.29111
0.04053
-0.62769
0.24971
-0.05320
-0.28742
-0.33878
-0.35761
-0.40672
0.21103
0.28607
0.05839
-0.20316
-0.43848
-0.32709
0.44436
-0.34152
-0.22787
0.28911
-0.30979
-0.18157
-0.07920
0.63268
-0.04679
-0.27477
-0.10809
-0.37511
-0.05394
0.10557
0.20736
-0.49879
-0.13620
-0.66807
-0.35571
0.22977
-0.22698
0.16810
0.15644
0.16971
0.51896
0.22245
-0.13548
-0.33229
0.11272
-0.16437
-0.05963
0.53049
0.14248
-0.02028
-0.11796
0.26913
-0.14880
-0.15302
-0.02720
-0.62835
-0.14172
0.27274
0.30975
0.03001
-0.36633
-0.26853
-0.02028
-0.00600
-0.24644
-0.09982
-0.07580
-0.57161
0.41639
0.14723
-0.01289
0.07254
-0.42332
-0.28162
-0.92943
-0.88538
0.07866
-0.23525
-0.26029
-0.09604
-0.11752
-0.08175
-0.10260
0.06195
-0.14983
-0.91156
0.42299
-0.25011
0.35010
0.20348
0.54308
0.61385
-0.43609
0.30901
0.44520
-0.05540
0.05987
0.31182
0.10923
-0.14599
0.07481
0.12589
-0.28104
0.12064
-0.25595
-0.65189
0.05578
0.09280
-0.22615
0.24724
0.00954
-0.16834
-0.15179
-0.07535
-0.18577
0.10065
0.12817
-0.34688
0.45677
0.44313
-0.28262
0.80331
-0.27244
0.52269
0.21776
0.15267
0.03920
-0.45509
-0.00515
-0.00639
-0.42956
0.02588
-0.32435
0.11388
0.34727
-0.51493
-0.16218
0.07637
0.09416
0.39862
0.12476
0.30111
-0.47510
-0.82389
0.10131
0.14212
-0.64579
0.17890
0.02913
-0.40810
-0.29462
-0.01573
-0.15815
-0.02447
-0.08812
-0.46013
0.06857
-0.00976
0.19802
0.36285
-0.08140
-0.08083
0.08181
-0.36007
-0.23934
0.00282
-0.09142
0.43726
-0.21260
-0.17837
-0.56887
-0.65371
-0.06291
-0.20821
-0.23994
-0.00351
-0.20465
0.06471
0.24370
0.52922
0.28774
0.23404
0.22983
0.37802
0.27590
-0.68074
0.51162
0.12242
-0.13370
-0.61271
0.27761
-0.08757
0.05845
-0.39384
0.71869
0.66098
0.16326
0.19577
0.52031
-0.15617
-0.18042
0.09730
0.02444
0.05760
-0.01059
-0.14680
-0.35452
0.48279
0.30860
-0.04272
-0.05086
0.33606
-0.08923
0.25613
-0.30517
-0.35409
0.09540
-0.62326
-0.20283
-0.48442
-0.57696
-0.61535
0.20196
0.33758
0.11182
-0.02783
0.16090
-0.06132
-0.11175
-0.34332
-0.03318
-0.18852
-0.19050
0.01307
0.07889
-0.23393
-0.00257
-0.28989
-0.35693
0.25277
-0.44348
-0.13737
-0.41071
-0.27767
-0.19822
-0.08944
-0.07135
-0.51555
-0.34701
0.61708
0.26054
-0.28998
0.38218
-0.04325
-0.02776
0.06315
-0.21890
-0.01495
-0.07714
0.42249
0.04330
0.03396
-0.32424
0.06296
0.15564
-0.49322
-0.24173
0.06424
-0.15239
-0.02914
0.05980
0.50394
0.02326
0.03486
0.03838
-0.03534
0.24929
0.33764
0.06176
-0.09003
0.14400
-0.65145
-0.20667
-0.15737
0.68516
0.03641
-0.27660
0.35537
-0.15730
0.36048
0.16067
-0.04191
-0.11880
0.10724
0.05971
0.36994
0.05759
-0.46512
0.25628
0.24346
-0.22867
-0.48515
-0.75236
-0.29620
0.10362
0.05765
0.36711
-0.10338
0.57714
0.28626
0.01313
0.22109
0.12510
0.21795
0.31490
0.36912
-0.04945
-0.15929
-0.16016
-0.00519
-0.10299
0.37036
-0.42008
-0.19686
-0.22893
0.39280
-0.24901
0.07435
0.77390
0.54588
-0.31839
-0.01705
0.11673
-0.29524
0.02481
0.25438
0.19431
0.22968
-0.07010
0.15237
-0.06829
-0.08660
-0.20955
0.10032
-0.32086
0.09288
-0.62306
0.80809
0.05874
-0.14521
0.18827
-0.83026
0.10871
-0.17229
-0.42991
0.09886
0.29076
-0.08852
-0.18048
-0.23921
-0.12675
-0.03766
0.32611
-0.39832
0.27725
0.35957
-0.63465
-0.42058
0.16227
-0.26336
-0.31711
0.15753
-0.51078
-0.13722
0.34625
-0.14727
-0.05118
0.40270
-0.11876
0.65294
0.06482
-0.28965
-0.25819
-0.10853
0.15806
-0.02908
-0.45077
-0.35053
-0.04696
-0.00274
-0.13256
-0.30425
0.08771
-0.65004
-0.02087
0.03235
-0.28508
0.00433
0.24612
-0.17672
-0.10038
-0.20104
-0.62239
0.04790
-0.51740
0.33206
0.24575
-0.14760
0.26948
0.17615
0.32310
0.02578
-0.71489
-0.63695
-0.25038
-0.10642
-0.26007
0.11413
0.23348
-0.54286
-0.25027
-0.07669
0.15096
0.00087
-0.22547
0.07106
-0.37601
0.23114
0.04969
-0.22121
0.07874
