0.26109
0.27145
-0.20376
0.30803
0.45109
0.28110
0.15437
0.01171
0.78595
0.04379
-0.39306
-0.10548
-0.34450
-0.17327
0.49591
0.04133
0.15943
-0.37126
-0.31550
0.50552
0.07568
-0.29754
-0.00197
0.22659
0.53888
0.41243
0.71328
0.51010
0.46932
0.10192
0.40988
0.10902
-0.07293
-0.13610
-0.16633
0.05327
-0.22580
-0.00608
0.69421
0.31082
0.19948
-0.08286
-0.47480
1.00541
-0.36519
0.06378
0.17485
-0.28795
-0.56097
0.30031
-0.24447
-0.08314
-0.26005
0.03664
0.22020
0.80793
-0.17192
-0.06031
0.72898
0.36911
-0.01106
0.01978
0.21800
1.08316
-0.07293
-0.50303
-0.52056
0.23513
0.51730
0.70302
0.65874
-0.02636
0.31727
0.11058
0.03979
-0.22703
0.07992
0.07662
0.54375
-0.13273
-0.39910
-0.45481
0.16198
-0.19372
-0.37239
-0.35247
-0.31916
0.06926
-0.54407
-0.11242
-0.13937
-0.01255
0.01012
-0.44127
-0.16023
-0.04516
-0.14954
-0.38194
0.41706
-0.08859
0.33747
0.12010
-0.32827
-0.68922
-0.38845
-0.01470
-0.71090
-0.15728
-0.31637
0.36900
1.33791
0.12139
-0.53901
-0.46923
-0.87247
-0.27731
-1.30241
-0.90112
-0.15424
0.39183
-0.42187
0.00816
-0.31138
-0.36910
-0.76116
0.25590
-0.81164
-0.21874
-0.02680
0.07298
-0.13989
-0.57139
1.01356
0.60316
0.84306
0.40481
-0.33314
-1.11432
-0.26976
0.30169
-0.40600
-0.03292
-0.12375
0.08095
-0.44422
0.49006
0.35396
-0.20473
0.59771
-0.43384
-0.18810
-0.12955
-0.43346
-0.02165
-0.66468
0.07120
-0.50547
-0.43093
-0.33918
-0.22174
0.17609
0.27903
0.60303
0.07087
0.14453
0.70777
-0.29978
0.12362
-0.32869
-0.00822
0.31400
-0.14037
0.11983
-0.08804
-0.06499
0.56464
0.65233
0.64856
0.23769
1.18090
-0.02378
-1.03205
-1.61619
-0.47342
0.53094
-0.44349
0.81263
0.08624
0.60460
0.02218
0.29921
-0.10080
0.21409
0.50775
-0.16500
-0.12130
0.22349
0.33974
0.25960
-0.16885
-0.69160
0.59740
0.36065
0.32226
0.08902
0.39293
-0.37801
-0.09924
-0.16137
0.05997
0.11914
-1.19923
-0.93700
-0.42634
-0.17155
-0.56897
-0.72292
-0.60143
0.71541
1.24608
0.95256
0.64598
0.17120
0.54246
-0.02239
0.45449
0.91927
-0.02575
-0.38631
-0.24541
0.34919
0.95773
0.71704
1.03865
0.95301
0.04883
0.06190
0.27568
0.11496
0.45852
-0.13317
-0.06317
0.37746
0.96023
-0.09410
-0.35665
0.29433
0.36491
0.27186
0.36676
0.13452
-0.24683
-0.01594
-0.30578
-0.32254
0.41916
0.17029
-0.03508
-0.97673
-0.54358
0.67053
0.65068
0.18201
0.58591
0.07934
0.28387
0.76460
-0.07154
0.32860
0.29358
0.27366
-0.11878
-0.05552
-0.02954
-0.22854
0.60551
-0.11332
-0.20383
-0.63854
0.51504
0.30789
-0.78567
-0.36692
0.21576
0.08857
-0.78967
-1.04294
0.77406
0.22339
-0.59469
-0.36857
-0.24600
0.28680
0.52768
0.13800
-0.55599
-0.57377
0.01171
-0.17644
0.00171
-0.08380
-0.58012
-0.42552
-0.09308
0.40051
-0.28417
0.47033
0.17906
0.39628
0.54016
0.87188
0.18375
0.35211
0.55918
-0.26470
-0.36476
0.03369
0.10636
0.48868
0.29540
0.46539
-0.03374
-0.54133
-0.21814
-0.35696
-0.30573
0.02496
0.28117
-0.02393
-0.04190
-0.28373
0.37655
0.47166
0.43396
0.15921
0.19559
0.22136
-0.46821
-0.04462
0.32309
0.23242
-0.93135
0.18397
0.14375
0.12067
0.26382
-0.31517
1.15778
0.30635
0.19150
0.26178
0.43583
0.00037
0.45130
0.43788
-0.13682
-0.38311
-0.10254
0.08148
0.07792
-0.44849
-0.59806
0.22222
0.46684
-0.14665
0.54048
0.13430
-0.43734
1.46715
0.06119
-0.32062
0.69700
0.07779
-0.77670
1.36434
-0.95439
0.87152
0.35328
0.33503
0.30818
0.67617
-0.35149
0.49861
0.46443
0.16440
0.13240
1.17636
0.51911
-0.29932
0.47975
-0.62330
0.48646
0.49094
0.20470
-0.45673
-0.20772
0.97707
0.48780
0.48626
0.41448
0.58223
0.03018
-0.02665
0.41926
0.43497
0.43999
0.04151
-0.14583
0.07595
-0.11320
0.50292
0.71179
-0.40462
0.42295
0.14581
-0.41302
-0.19440
-0.92499
-0.06117
-0.12696
0.34996
0.04542
0.05446
-0.29925
0.57776
0.14762
-0.05863
0.05417
-0.15065
-0.27770
0.24785
-0.79813
-0.47092
0.47833
0.19175
-0.83524
0.50485
-0.82120
-0.46128
0.31244
-0.13919
0.48332
0.54101
0.15564
-0.55285
-0.50659
-0.32814
-0.46798
-0.26578
-0.12517
-0.11416
-0.40354
-0.20887
-0.24502
-0.04383
-0.03966
-0.14720
0.12080
0.02171
-0.18476
0.09374
0.03962
-0.06331
-0.28313
-0.18189
0.12718
0.18030
0.20578
-0.24594
0.57676
